CONV NORM
# 9x9
#
#
7.63786616e-08 1.89112427e-06 1.78670525e-05 6.83685939e-05 1.07951972e-04 6.83685939e-05 1.78670525e-05 1.89112427e-06 7.63786616e-08 
1.89112427e-06 4.45866644e-05 4.24683705e-04 1.62656524e-03 2.55316892e-03 1.62656524e-03 4.24683705e-04 4.45866644e-05 1.89112427e-06 
1.78670525e-05 4.24683705e-04 4.02589049e-03 1.53131010e-02 2.38793083e-02 1.53131010e-02 4.02589049e-03 4.24683705e-04 1.78670525e-05 
6.83685939e-05 1.62656524e-03 1.53131010e-02 5.82457632e-02 9.08286646e-02 5.82457632e-02 1.53131010e-02 1.62656524e-03 6.83685939e-05 
1.07951972e-04 2.55316892e-03 2.38793083e-02 9.08286646e-02 1.41638562e-01 9.08286646e-02 2.38793083e-02 2.55316892e-03 1.07951972e-04 
6.83685939e-05 1.62656524e-03 1.53131010e-02 5.82457632e-02 9.08286646e-02 5.82457632e-02 1.53131010e-02 1.62656524e-03 6.83685939e-05 
1.78670525e-05 4.24683705e-04 4.02589049e-03 1.53131010e-02 2.38793083e-02 1.53131010e-02 4.02589049e-03 4.24683705e-04 1.78670525e-05 
1.89112427e-06 4.45866644e-05 4.24683705e-04 1.62656524e-03 2.55316892e-03 1.62656524e-03 4.24683705e-04 4.45866644e-05 1.89112427e-06 
7.63786616e-08 1.89112427e-06 1.78670525e-05 6.83685939e-05 1.07951972e-04 6.83685939e-05 1.78670525e-05 1.89112427e-06 7.63786616e-08 
