old: 0.12580429197987542
new: 0.037219082994852215
