Gene,C,Z,Pval,FDR,Module
ENSG00000204305,0.7307637485005998,14550.728525019833,0.0,0.0,4.0
ENSG00000182010,0.5944986441992195,5470.37987982452,0.0,0.0,4.0
ENSG00000124237,0.525709103244098,4437.153372482018,0.0,0.0,1.0
ENSG00000159713,0.6938345516840785,3907.471137823182,0.0,0.0,1.0
ENSG00000168484,0.7645070521796773,3052.150314482805,0.0,0.0,7.0
ENSG00000183644,0.4268109157801928,2879.506362899177,0.0,0.0,1.0
ENSG00000213853,0.6996514615136576,2874.771867407237,0.0,0.0,4.0
ENSG00000105519,0.8260383444722538,2811.8905361132647,0.0,0.0,1.0
ENSG00000119147,0.30356765209237085,2793.5513279789343,0.0,0.0,1.0
ENSG00000179902,0.4782613542372819,2765.5744598188967,0.0,0.0,1.0
ENSG00000164972,0.5178195602927348,2731.152034252217,0.0,0.0,1.0
ENSG00000186973,0.7489060366384659,2630.770015828882,0.0,0.0,1.0
ENSG00000188817,0.7751029281144342,2480.6161915868606,0.0,0.0,1.0
ENSG00000105974,0.7097456567875438,2472.103803266832,0.0,0.0,4.0
ENSG00000154099,0.6975649269317563,2353.541631772453,0.0,0.0,1.0
ENSG00000179813,0.7251799127869243,2350.7094276240864,0.0,0.0,1.0
ENSG00000185681,0.7055789465322828,2300.9977526268385,0.0,0.0,1.0
ENSG00000153789,0.6378884718263333,2256.8453192010147,0.0,0.0,1.0
ENSG00000152611,0.7121835228362817,2223.911532664126,0.0,0.0,1.0
ENSG00000162004,0.8005557722224572,2179.0712035045294,0.0,0.0,1.0
ENSG00000160188,0.8242063725957528,2114.6446410820895,0.0,0.0,1.0
ENSG00000168589,0.6159014219895116,2001.4825513346836,0.0,0.0,1.0
ENSG00000174898,0.6289951191344925,1949.163630167196,0.0,0.0,1.0
ENSG00000215187,0.5829371381524924,1883.2586726136508,0.0,0.0,1.0
ENSG00000167858,0.5981628991516018,1844.674092392794,0.0,0.0,1.0
ENSG00000186710,0.6425206772340354,1842.3418950165014,0.0,0.0,1.0
ENSG00000166959,0.642220203624165,1827.5698194878576,0.0,0.0,1.0
ENSG00000160472,0.640752576999769,1804.309548067554,0.0,0.0,2.0
ENSG00000136918,0.6769653233859826,1745.8417799511965,0.0,0.0,1.0
ENSG00000158764,0.38056848995595643,1729.6319536364351,0.0,0.0,4.0
ENSG00000166596,0.5102476289594386,1719.4253725969825,0.0,0.0,1.0
ENSG00000004838,0.721639430394534,1712.409446962427,0.0,0.0,2.0
ENSG00000174844,0.6653499946544037,1550.0010199488238,0.0,0.0,2.0
ENSG00000133640,0.6900029796317761,1518.7038124336505,0.0,0.0,2.0
ENSG00000149435,0.449126713142293,1516.8808622353263,0.0,0.0,7.0
ENSG00000243910,0.6229447188131221,1506.6540487396064,0.0,0.0,2.0
ENSG00000145491,0.7161670302368057,1495.5416355489563,0.0,0.0,2.0
ENSG00000141294,0.626761213575647,1461.4151331014943,0.0,0.0,2.0
ENSG00000066405,0.5499836066600602,1458.9253801243324,0.0,0.0,4.0
ENSG00000133115,0.5249491262148254,1426.248951101408,0.0,0.0,2.0
ENSG00000197057,0.6037754866393802,1401.5181875584012,0.0,0.0,2.0
ENSG00000120262,0.6874645197171056,1391.384477263578,0.0,0.0,2.0
ENSG00000176771,0.45579546978498997,1376.5868078964813,0.0,0.0,4.0
ENSG00000160401,0.5866475180851966,1339.456601664746,0.0,0.0,2.0
ENSG00000117632,0.6958814659403303,1333.1616061998957,0.0,0.0,5.0
ENSG00000154080,0.5336663851625217,1315.9449665255538,0.0,0.0,2.0
ENSG00000203985,0.6064389962793125,1287.82979080013,0.0,0.0,2.0
ENSG00000126861,0.28141183650004703,1281.8966838989988,0.0,0.0,1.0
ENSG00000178965,0.6405911210253447,1277.2104725951435,0.0,0.0,2.0
ENSG00000159588,0.634652150869341,1276.7942058388394,0.0,0.0,2.0
ENSG00000173947,0.6623226850913002,1265.971965132095,0.0,0.0,2.0
ENSG00000133665,0.620197208698256,1208.5375027074492,0.0,0.0,2.0
ENSG00000230062,0.5160598035618388,1208.170251793851,0.0,0.0,2.0
ENSG00000170890,0.3536175957585416,1205.678825096918,0.0,0.0,7.0
ENSG00000172361,0.5893763940031741,1199.974124221024,0.0,0.0,2.0
ENSG00000172426,0.5854879704801748,1192.678132311528,0.0,0.0,2.0
ENSG00000159763,0.3196952779570401,1185.8723935508247,0.0,0.0,19.0
ENSG00000169064,0.5033889868844704,1177.1771323406444,0.0,0.0,2.0
ENSG00000135205,0.6344122607777718,1167.5796527462912,0.0,0.0,2.0
ENSG00000197748,0.6208398372255395,1166.9494292943152,0.0,0.0,2.0
ENSG00000077327,0.5974420357756963,1146.6452582361553,0.0,0.0,2.0
ENSG00000158639,0.45026856459968223,1143.3931489064037,0.0,0.0,22.0
ENSG00000007174,0.6258572225885851,1140.8859130754558,0.0,0.0,2.0
ENSG00000164434,0.4510926257629584,1115.6331723179387,0.0,0.0,5.0
ENSG00000182667,0.4141206875104405,1097.07965518624,0.0,0.0,4.0
ENSG00000257057,0.3648913067790961,1093.5026091458565,0.0,0.0,2.0
ENSG00000188523,0.5267414570109761,1090.3257930819043,0.0,0.0,2.0
ENSG00000188931,0.5562403982185208,1079.7810094990014,0.0,0.0,2.0
ENSG00000171962,0.6012251287497945,1075.4538882946572,0.0,0.0,2.0
ENSG00000105825,0.5528485887776532,1071.8346904623183,0.0,0.0,21.0
ENSG00000034239,0.6161231555611487,1060.5626001581595,0.0,0.0,2.0
ENSG00000188659,0.6353917606719759,1050.512413177685,0.0,0.0,2.0
ENSG00000187492,0.48023333198259616,1046.93928163352,0.0,0.0,2.0
ENSG00000039537,0.5754401871805592,1036.3223196491438,0.0,0.0,2.0
ENSG00000169248,0.4343870120099756,993.2946999676032,0.0,0.0,24.0
ENSG00000128536,0.5844002173327195,963.824862235445,0.0,0.0,2.0
ENSG00000174501,0.39885029102703146,960.3493078800481,0.0,0.0,15.0
ENSG00000112530,0.4698219774821919,959.9695131498914,0.0,0.0,2.0
ENSG00000127920,0.5198379757079618,944.4723477585379,0.0,0.0,21.0
ENSG00000251562,0.4298968175794204,931.3405437724489,0.0,0.0,26.0
ENSG00000235123,0.4278579747000358,903.801596926158,0.0,0.0,19.0
ENSG00000167552,0.49448257740071927,900.0483532337133,0.0,0.0,5.0
ENSG00000118492,0.4488747334464597,894.3284494893646,0.0,0.0,2.0
ENSG00000155761,0.5272557473420602,893.3215466560868,0.0,0.0,2.0
ENSG00000115758,0.4702389229476239,890.066927359615,0.0,0.0,19.0
ENSG00000186471,0.37606782684993756,856.1622696720899,0.0,0.0,2.0
ENSG00000169245,0.35783082393288485,855.7261014448098,0.0,0.0,24.0
ENSG00000215182,0.36982372532278157,845.9939194873534,0.0,0.0,19.0
ENSG00000109472,0.4233536423199017,841.2669862621731,0.0,0.0,29.0
ENSG00000104237,0.41118796002744573,840.2890117582356,0.0,0.0,2.0
ENSG00000102760,0.3172709284459944,839.3218805765531,0.0,0.0,4.0
ENSG00000225383,0.4518843127056284,834.4647766891812,0.0,0.0,19.0
ENSG00000089199,0.15035335879367154,834.0299457095008,0.0,0.0,29.0
ENSG00000111834,0.5494963860410954,833.5984251518454,0.0,0.0,2.0
ENSG00000176601,0.4906087225708955,822.0790962364176,0.0,0.0,2.0
ENSG00000157856,0.5210728952404622,819.9883139661011,0.0,0.0,2.0
ENSG00000156042,0.49404124129576543,810.2702803897489,0.0,0.0,2.0
ENSG00000178125,0.45780190465750686,810.1782212957348,0.0,0.0,2.0
ENSG00000118849,0.3375838482359383,788.6169321084076,0.0,0.0,24.0
ENSG00000181458,0.44005090777081235,786.9491798198437,0.0,0.0,6.0
ENSG00000120708,0.6378897399949559,786.9273327126708,0.0,0.0,6.0
ENSG00000223865,0.5255667734170848,786.453288109358,0.0,0.0,12.0
ENSG00000137285,0.47576568883552317,785.6304459941693,0.0,0.0,5.0
ENSG00000019582,0.5994489479082292,778.1747838389778,0.0,0.0,12.0
ENSG00000150625,0.30658356657792984,776.1440094446209,0.0,0.0,4.0
ENSG00000243566,0.3170806053341786,770.1718189697215,0.0,0.0,4.0
ENSG00000186329,0.46777717757334386,765.7181495144742,0.0,0.0,2.0
ENSG00000107742,0.4217791027861775,764.9448838138672,0.0,0.0,4.0
ENSG00000245750,0.3391741394911653,761.8308899978786,0.0,0.0,29.0
ENSG00000250510,0.35950218690819896,751.6071534761169,0.0,0.0,2.0
ENSG00000124882,0.40949967282311234,746.3898204336274,0.0,0.0,15.0
ENSG00000121966,0.4240983089965305,742.8028939946583,0.0,0.0,5.0
ENSG00000124107,0.5272568228462493,740.3170647432473,0.0,0.0,35.0
ENSG00000119655,0.5526123497924265,735.8267065237421,0.0,0.0,12.0
ENSG00000178796,0.4021169640164755,734.6629255890863,0.0,0.0,2.0
ENSG00000231738,0.31270139432132965,721.8287810706255,0.0,0.0,2.0
ENSG00000230873,0.41660761121781775,718.8917925319932,0.0,0.0,2.0
ENSG00000117228,0.4655435926343105,713.3997863834896,0.0,0.0,5.0
ENSG00000196169,0.31255889079233046,712.2659423978592,0.0,0.0,2.0
ENSG00000123416,0.6806985455173772,708.0665078173759,0.0,0.0,5.0
ENSG00000228723,0.19736689639705185,706.6505839948071,0.0,0.0,2.0
ENSG00000206199,0.29028764633560616,701.5092769692193,0.0,0.0,2.0
ENSG00000185269,0.2758163074621301,692.2327307513497,0.0,0.0,29.0
ENSG00000176153,0.5634806389668563,688.197063611401,0.0,0.0,11.0
ENSG00000147400,0.5079678919029494,671.8262886051814,0.0,0.0,2.0
ENSG00000197261,0.4044741442211049,671.6230704330904,0.0,0.0,5.0
ENSG00000174156,0.30693480036734916,670.573138505345,0.0,0.0,2.0
ENSG00000197168,0.4466278952533531,669.7883456575526,0.0,0.0,2.0
ENSG00000164687,0.4874596210130084,669.6820364903563,0.0,0.0,7.0
ENSG00000118997,0.4735401811263361,656.9007390447707,0.0,0.0,2.0
ENSG00000092850,0.4255311451216884,656.3446685641595,0.0,0.0,2.0
ENSG00000229807,0.37721624164885137,651.7162201933004,0.0,0.0,15.0
ENSG00000165309,0.4838941969326836,651.4959215692509,0.0,0.0,2.0
ENSG00000196230,0.5866091482301553,650.7988145335343,0.0,0.0,5.0
ENSG00000162643,0.4803624560689271,644.51666728884,0.0,0.0,2.0
ENSG00000197653,0.4467809135480668,643.9151023461454,0.0,0.0,2.0
ENSG00000204287,0.5302846390546755,643.1592081983015,0.0,0.0,12.0
ENSG00000171223,0.4491676938967881,637.5113162295469,0.0,0.0,9.0
ENSG00000160888,0.4382348359841552,636.8751031918094,0.0,0.0,9.0
ENSG00000168658,0.363013624940282,633.8031551742097,0.0,0.0,2.0
ENSG00000114854,0.37181199838780615,628.3897156141163,0.0,0.0,4.0
ENSG00000166710,0.47414474616877506,627.0185704429875,0.0,0.0,24.0
ENSG00000152076,0.4408498612258823,625.8382253808804,0.0,0.0,2.0
ENSG00000188396,0.42011785344831865,617.1563230521404,0.0,0.0,2.0
ENSG00000170231,0.45093984706305423,616.699535823986,0.0,0.0,2.0
ENSG00000231389,0.5022970258582373,613.6538464251846,0.0,0.0,12.0
ENSG00000205542,0.44354284510099623,611.8748777542595,0.0,0.0,26.0
ENSG00000189350,0.39630850559265113,609.0641746155615,0.0,0.0,2.0
ENSG00000203734,0.46615619851798495,606.8199832412149,0.0,0.0,2.0
ENSG00000196139,0.4675135843773274,605.8173871971795,0.0,0.0,22.0
ENSG00000114115,0.39392038016586406,601.5930024494007,0.0,0.0,5.0
ENSG00000142973,0.41856661759697084,600.6762654919166,0.0,0.0,4.0
ENSG00000112715,0.44032453204054733,600.6550339382794,0.0,0.0,14.0
ENSG00000162545,0.498420690351716,600.6096270009317,0.0,0.0,15.0
ENSG00000125740,0.5426442538075901,596.3467187174965,0.0,0.0,9.0
ENSG00000115919,0.4334999469890926,588.6526814932699,0.0,0.0,5.0
ENSG00000094963,0.2809390571052925,587.9729950872231,0.0,0.0,4.0
ENSG00000169126,0.4760968554730595,585.6616556114925,0.0,0.0,2.0
ENSG00000124939,0.3336057157386155,585.3006563037337,0.0,0.0,27.0
ENSG00000137098,0.3663790884482607,582.905363740697,0.0,0.0,2.0
ENSG00000117394,0.4350652483027935,581.5302387620352,0.0,0.0,6.0
ENSG00000013588,0.479526914948092,580.3540574045091,0.0,0.0,15.0
ENSG00000007933,0.21488633605148647,579.9091872346613,0.0,0.0,32.0
ENSG00000116774,0.37770576176074677,576.9260668324632,0.0,0.0,21.0
ENSG00000132554,0.34142425769459034,576.8516033952003,0.0,0.0,2.0
ENSG00000134020,0.4897979490275217,575.7547249105507,0.0,0.0,7.0
ENSG00000149021,0.6519872307645682,575.5477143349831,0.0,0.0,35.0
ENSG00000189058,0.31233534976889143,572.4086090587786,0.0,0.0,12.0
ENSG00000166961,0.5027934530491813,570.8152047162803,0.0,0.0,4.0
ENSG00000171885,0.4665831393244191,564.6623882093069,0.0,0.0,4.0
ENSG00000058085,0.4586760781808039,564.0820798792552,0.0,0.0,6.0
ENSG00000198467,0.42681469565101154,562.0277308258804,0.0,0.0,5.0
ENSG00000117399,0.576144027979271,560.6259941109429,0.0,0.0,3.0
ENSG00000138821,0.4058842395627835,555.2692126751153,0.0,0.0,4.0
ENSG00000137804,0.5026304394230492,554.322823361037,0.0,0.0,3.0
ENSG00000099860,0.3430927477441794,554.1315732856392,0.0,0.0,9.0
ENSG00000137473,0.3983418722507971,551.6416937545404,0.0,0.0,2.0
ENSG00000117472,0.462348251487645,549.5944284708171,0.0,0.0,2.0
ENSG00000012171,0.3790483211966664,548.8523507285744,0.0,0.0,14.0
ENSG00000180573,0.5016146496207233,545.9037753179856,0.0,0.0,10.0
ENSG00000204257,0.4225458420657001,543.6578063049718,0.0,0.0,12.0
ENSG00000067082,0.4313111643086918,542.5809381766499,0.0,0.0,9.0
ENSG00000185055,0.3751605225590311,542.4509176257853,0.0,0.0,2.0
ENSG00000164104,0.6426552718612982,541.1469689791429,0.0,0.0,3.0
ENSG00000104760,0.37120282421212947,538.8798877397924,0.0,0.0,29.0
ENSG00000147889,0.4830412966776482,536.0314567842508,0.0,0.0,5.0
ENSG00000198054,0.2858562306156008,534.8829203875614,0.0,0.0,22.0
ENSG00000142227,0.46629965613066143,534.8653767498886,0.0,0.0,6.0
ENSG00000171747,0.45898583012485034,534.0592516587203,0.0,0.0,27.0
ENSG00000167772,0.36085202660843113,532.7618693609376,0.0,0.0,14.0
ENSG00000148677,0.15427069679961083,528.802531743233,0.0,0.0,4.0
ENSG00000213889,0.3631050783176475,527.8706934098924,0.0,0.0,21.0
ENSG00000143416,0.47917207483033325,525.0113891467996,0.0,0.0,7.0
ENSG00000187837,0.4228077281933538,524.4857968956559,0.0,0.0,10.0
ENSG00000128422,0.45077389599049994,524.0884751277674,0.0,0.0,6.0
ENSG00000156675,0.5163589181882242,524.0793030089103,0.0,0.0,15.0
ENSG00000160182,0.3728697759803333,524.0323047128903,0.0,0.0,11.0
ENSG00000080618,0.30628611171271625,523.6200431592749,0.0,0.0,7.0
ENSG00000164761,0.20545513978315744,522.6952855504594,0.0,0.0,6.0
ENSG00000111640,0.6043025284528134,522.5257945439467,0.0,0.0,6.0
ENSG00000173467,0.39573599750182314,522.4292272604283,0.0,0.0,21.0
ENSG00000143228,0.4825280130361668,520.302550285587,0.0,0.0,3.0
ENSG00000171695,0.2954038621534621,519.4338020908989,0.0,0.0,2.0
ENSG00000091181,0.25578886057233013,517.5096999774388,0.0,0.0,2.0
ENSG00000167646,0.4168078988938395,515.1963529366216,0.0,0.0,2.0
ENSG00000234745,0.4839121592618576,514.664510967111,0.0,0.0,24.0
ENSG00000105388,0.43690858685601053,512.0102934103368,0.0,0.0,15.0
ENSG00000213085,0.4518609778643489,511.5125927339368,0.0,0.0,2.0
ENSG00000152582,0.41316216424667424,500.3711173241969,0.0,0.0,2.0
ENSG00000160181,0.4387691966447795,498.0187862042871,0.0,0.0,11.0
ENSG00000105650,0.38457094464683367,495.19957783676483,0.0,0.0,21.0
ENSG00000198901,0.5040081964710302,493.8609365226751,0.0,0.0,3.0
ENSG00000164611,0.58407478094216,491.62647713146674,0.0,0.0,3.0
ENSG00000175267,0.3169269677698671,491.3124621256375,0.0,0.0,2.0
ENSG00000101222,0.40430745526487755,490.8388495368645,0.0,0.0,2.0
ENSG00000163040,0.4396208899365474,490.1728011010229,0.0,0.0,2.0
ENSG00000177989,0.38487170438402146,486.5773315346211,0.0,0.0,2.0
ENSG00000196154,0.32633368606900764,482.75328124580074,0.0,0.0,25.0
ENSG00000189377,0.42221298548401687,481.3841135534172,0.0,0.0,12.0
ENSG00000117724,0.5956848092281151,479.64898240795554,0.0,0.0,3.0
ENSG00000165164,0.3449278983509251,478.40924178211475,0.0,0.0,2.0
ENSG00000087495,0.3986721277359405,477.6951195922208,0.0,0.0,19.0
ENSG00000057149,0.2274229487244472,475.4964767647835,0.0,0.0,6.0
ENSG00000128016,0.3581857697572321,474.9138206087823,0.0,0.0,9.0
ENSG00000203778,0.4033623085596334,473.36772916490014,0.0,0.0,2.0
ENSG00000087494,0.3501936860234437,472.4323257205744,0.0,0.0,6.0
ENSG00000184956,0.28269412810309313,471.8432127106526,0.0,0.0,27.0
ENSG00000224383,0.3814541412015266,466.1952241688733,0.0,0.0,2.0
ENSG00000123838,0.42423482618213193,466.0229365046513,0.0,0.0,12.0
ENSG00000214548,0.28055900348343493,465.5772546493549,0.0,0.0,15.0
ENSG00000089356,0.5668059619725316,460.76401185064384,0.0,0.0,11.0
ENSG00000173267,0.5072793471741213,460.4543861196265,0.0,0.0,25.0
ENSG00000078081,0.4766931806354195,460.1060517872787,0.0,0.0,7.0
ENSG00000174460,0.18950649798717642,459.8612657534691,0.0,0.0,19.0
ENSG00000204950,0.5079500340165856,459.3348846438359,0.0,0.0,2.0
ENSG00000132646,0.42594142071326424,457.9556419339717,0.0,0.0,5.0
ENSG00000047457,0.438559161571339,457.4377536600101,0.0,0.0,7.0
ENSG00000149927,0.37330176744269633,456.4131725133734,0.0,0.0,2.0
ENSG00000034510,0.5064078972223377,456.3003322699441,0.0,0.0,14.0
ENSG00000122852,0.6260014364122813,456.24914987125527,0.0,0.0,7.0
ENSG00000124225,0.4393189316095796,455.5078341288396,0.0,0.0,6.0
ENSG00000115423,0.3712148342916595,453.8824449977812,0.0,0.0,2.0
ENSG00000088992,0.4043604472720381,452.354089978574,0.0,0.0,6.0
ENSG00000248712,0.3595053731155899,452.0274156770803,0.0,0.0,2.0
ENSG00000140807,0.2773267894430258,450.37292871697883,0.0,0.0,29.0
ENSG00000142945,0.4401177823645119,450.15999428890194,0.0,0.0,3.0
ENSG00000215217,0.33504112196253316,449.36785036023065,0.0,0.0,2.0
ENSG00000152763,0.4010661086067152,444.1085784783171,0.0,0.0,2.0
ENSG00000177606,0.477953044976785,443.51726718776916,0.0,0.0,9.0
ENSG00000111907,0.34944309075398533,443.30198106863565,0.0,0.0,5.0
ENSG00000196352,0.381869085282476,441.0699477628074,0.0,0.0,11.0
ENSG00000157456,0.524092615151147,440.5780181752755,0.0,0.0,3.0
ENSG00000196126,0.4629183432873069,439.92500091088397,0.0,0.0,7.0
ENSG00000110318,0.4259869642440927,439.38426105827966,0.0,0.0,2.0
ENSG00000005448,0.3899816158840918,438.2616273787204,0.0,0.0,2.0
ENSG00000081041,0.34790509179985524,437.8413116834082,0.0,0.0,9.0
ENSG00000130413,0.41671446912064686,437.6141761171603,0.0,0.0,2.0
ENSG00000204525,0.45553532900295185,437.39609357218114,0.0,0.0,24.0
ENSG00000272398,0.3607337398144679,437.3490902947144,0.0,0.0,32.0
ENSG00000112782,0.41624656295834256,436.83388417460355,0.0,0.0,4.0
ENSG00000131781,0.407368456291104,434.5653798863144,0.0,0.0,19.0
ENSG00000133661,0.4722430109035362,433.82493223912843,0.0,0.0,7.0
ENSG00000157542,0.2675049347240792,433.64826278131807,0.0,0.0,6.0
ENSG00000006327,0.481117216494852,432.7290642180452,0.0,0.0,6.0
ENSG00000143333,0.2956910106163077,429.309577617426,0.0,0.0,7.0
ENSG00000110375,0.4770345234027386,428.3553829389959,0.0,0.0,10.0
ENSG00000074410,0.39889357131383796,428.14691581538614,0.0,0.0,29.0
ENSG00000091986,0.3248835129801732,428.07835302763885,0.0,0.0,21.0
ENSG00000166803,0.49613741368860764,427.88490209393444,0.0,0.0,8.0
ENSG00000245532,0.34745525055886106,426.7453049524506,0.0,0.0,26.0
ENSG00000101443,0.3867642614691762,426.2390318338368,0.0,0.0,7.0
ENSG00000112096,0.36217897018164347,424.31999306431936,0.0,0.0,24.0
ENSG00000106366,0.32282396697212795,422.981924805006,0.0,0.0,6.0
ENSG00000070404,0.40386412607225386,422.31551835453473,0.0,0.0,6.0
ENSG00000183833,0.3417664541614078,420.0123194483393,0.0,0.0,2.0
ENSG00000096093,0.3275864122040415,419.92749662532407,0.0,0.0,2.0
ENSG00000148346,0.3875182577116472,419.91119483493367,0.0,0.0,11.0
ENSG00000171476,0.478613488991913,419.5185681017066,0.0,0.0,19.0
ENSG00000088325,0.5551547118090302,419.10510365666676,0.0,0.0,3.0
ENSG00000130066,0.3404311626350052,418.9188852353421,0.0,0.0,9.0
ENSG00000101335,0.33280899070382375,418.6994503806147,0.0,0.0,4.0
ENSG00000206075,0.6023669974265604,417.3352087653249,0.0,0.0,13.0
ENSG00000137731,0.32879514053926084,415.8322336987239,0.0,0.0,27.0
ENSG00000186952,0.342220830047155,414.8455557171297,0.0,0.0,2.0
ENSG00000240065,0.47807041650306764,410.7109689839482,0.0,0.0,5.0
ENSG00000188010,0.3874431833101105,410.5935274282191,0.0,0.0,2.0
ENSG00000154065,0.35480470400000164,409.0099215177027,0.0,0.0,4.0
ENSG00000159708,0.23690076829714096,407.7734694287611,0.0,0.0,7.0
ENSG00000151632,0.5503800288518252,406.1517975839668,0.0,0.0,22.0
ENSG00000163453,0.3235210543819484,405.9585592493332,0.0,0.0,2.0
ENSG00000198074,0.3204717947193281,404.7203594375164,0.0,0.0,22.0
ENSG00000187240,0.3953643766780502,401.99825488921425,0.0,0.0,2.0
ENSG00000121552,0.7066323271646696,400.63731589226205,0.0,0.0,13.0
ENSG00000077152,0.459187875730436,400.0647816934308,0.0,0.0,8.0
ENSG00000122966,0.29084871937657153,396.43917212478226,0.0,0.0,15.0
ENSG00000117983,0.3423488058944493,395.67699486420406,0.0,0.0,19.0
ENSG00000134057,0.5617966519475835,394.7811561581152,0.0,0.0,3.0
ENSG00000164109,0.43281290427527885,394.5302516865704,0.0,0.0,3.0
ENSG00000168269,0.21894542555943863,394.4347708929368,0.0,0.0,5.0
ENSG00000205084,0.36472798735886197,394.3167342160494,0.0,0.0,2.0
ENSG00000155749,0.34252365586564304,392.8872800721886,0.0,0.0,2.0
ENSG00000089685,0.4989960017000982,392.5500580457227,0.0,0.0,3.0
ENSG00000172264,0.26555464094154635,390.3391439264429,0.0,0.0,7.0
ENSG00000131771,0.30402311614013844,389.67644722984636,0.0,0.0,21.0
ENSG00000234068,0.23780858619065656,388.07983266240075,0.0,0.0,20.0
ENSG00000198502,0.4506400809162094,387.1701755884397,0.0,0.0,12.0
ENSG00000185686,0.3304751574039631,384.7326855227508,0.0,0.0,5.0
ENSG00000171246,0.10696575992263894,383.88589734583076,0.0,0.0,33.0
ENSG00000134757,0.6747700777234392,381.9742390310746,0.0,0.0,13.0
ENSG00000170509,0.18230277749300206,381.77866734428744,0.0,0.0,19.0
ENSG00000227877,0.24265729223899365,381.7006261493005,0.0,0.0,2.0
ENSG00000107159,0.29259977941025644,379.1783393700839,0.0,0.0,5.0
ENSG00000158716,0.28727456530688295,378.72031395664425,0.0,0.0,5.0
ENSG00000137857,0.2875634585340863,378.45623803434876,0.0,0.0,7.0
ENSG00000008226,0.32829946899615914,378.0361149684832,0.0,0.0,2.0
ENSG00000187094,0.32534972302967585,377.30818885193514,0.0,0.0,10.0
ENSG00000167644,0.4960353170773083,376.8095484434164,0.0,0.0,14.0
ENSG00000138587,0.3505520106226712,376.17622096956075,0.0,0.0,2.0
ENSG00000053747,0.31838378807467654,374.54426688814704,0.0,0.0,6.0
ENSG00000112742,0.331542223573698,374.47922670711273,0.0,0.0,3.0
ENSG00000087074,0.3978505434345758,374.23977749699816,0.0,0.0,9.0
ENSG00000129538,0.4292760495371538,374.03849759157845,0.0,0.0,12.0
ENSG00000104267,0.25064975148223806,373.8610135428461,0.0,0.0,7.0
ENSG00000120738,0.43105081538178563,373.2642139429657,0.0,0.0,9.0
ENSG00000164032,0.5400025461223649,372.7686036486446,0.0,0.0,8.0
ENSG00000105479,0.32696545956216105,372.43561132630003,0.0,0.0,2.0
ENSG00000111341,0.18805575879078335,371.74740346398295,0.0,0.0,7.0
ENSG00000008517,0.2753483254756698,370.16240381895534,0.0,0.0,24.0
ENSG00000131400,0.6074225117351717,369.38973481607934,0.0,0.0,12.0
ENSG00000250786,0.2761151918631461,368.6972125204323,0.0,0.0,28.0
ENSG00000100218,0.21287593153782414,368.0888186154254,0.0,0.0,2.0
ENSG00000198848,0.3706093005058551,368.06857036401766,0.0,0.0,2.0
ENSG00000172382,0.3755808483951658,366.9287854415594,0.0,0.0,25.0
ENSG00000146674,0.3817868392892564,366.03410598399176,0.0,0.0,14.0
ENSG00000205420,0.6468819390132947,365.856782900194,0.0,0.0,13.0
ENSG00000188229,0.38007449383227665,365.7439088802185,0.0,0.0,15.0
ENSG00000129824,0.4480043304235872,365.2882531786922,0.0,0.0,21.0
ENSG00000197249,0.3283947685691227,365.1104480923932,0.0,0.0,7.0
ENSG00000184292,0.4219141335553074,364.8555333600095,0.0,0.0,17.0
ENSG00000109182,0.1741542905520073,363.3801630206985,0.0,0.0,2.0
ENSG00000185432,0.34723043065554154,362.0180320109538,0.0,0.0,2.0
ENSG00000163812,0.30577317648355073,361.6823900278866,0.0,0.0,7.0
ENSG00000092621,0.3553561305890463,360.93876718217683,0.0,0.0,5.0
ENSG00000187134,0.46126856180499665,359.50119388877084,0.0,0.0,22.0
ENSG00000140718,0.2864454580734043,359.2785729016238,0.0,0.0,2.0
ENSG00000168878,0.6894481733096742,358.20351134211717,0.0,0.0,7.0
ENSG00000168394,0.4118402529925698,357.86936414423974,0.0,0.0,5.0
ENSG00000162992,0.12865231454765616,357.74704054614466,0.0,0.0,29.0
ENSG00000138166,0.350437074381634,357.6447313382784,0.0,0.0,25.0
ENSG00000134871,0.30947691061449667,356.13352110119087,0.0,0.0,6.0
ENSG00000069764,0.2953915231794321,355.346930386177,0.0,0.0,19.0
ENSG00000167972,0.4070331526450822,353.3507909804013,0.0,0.0,7.0
ENSG00000145113,0.4295763789762519,353.0170503990682,0.0,0.0,25.0
ENSG00000171848,0.45607147203962206,352.97691193706845,0.0,0.0,8.0
ENSG00000141338,0.19924551737932025,352.6047443570631,0.0,0.0,4.0
ENSG00000158825,0.44714617274112956,352.5982663022591,0.0,0.0,6.0
ENSG00000131747,0.496722502224486,351.5965783143546,0.0,0.0,3.0
ENSG00000148773,0.5170380389483491,351.4037567172832,0.0,0.0,3.0
ENSG00000237541,0.20037903295474638,351.0867356795728,0.0,0.0,12.0
ENSG00000135046,0.3362261743813365,351.0739896572111,0.0,0.0,15.0
ENSG00000153446,0.552909480420484,350.60595205075344,0.0,0.0,12.0
ENSG00000170345,0.4269654790158215,350.20484958584626,0.0,0.0,9.0
ENSG00000189057,0.32207037024780055,349.6255930366881,0.0,0.0,5.0
ENSG00000173207,0.45802845382610236,349.49109960768965,0.0,0.0,3.0
ENSG00000178172,0.29319935469219743,348.2475036838076,0.0,0.0,6.0
ENSG00000160180,0.289673544696894,347.26608451827616,0.0,0.0,11.0
ENSG00000164120,0.3191471872204296,347.14408896155834,0.0,0.0,21.0
ENSG00000127324,0.38572473552661707,346.93511509679115,0.0,0.0,11.0
ENSG00000126709,0.27808399728893535,346.19751081508855,0.0,0.0,5.0
ENSG00000111799,0.24882385923821798,345.9430279291858,0.0,0.0,4.0
ENSG00000162645,0.33751829551787893,345.7224530943265,0.0,0.0,5.0
ENSG00000102265,0.34557917816216055,345.4765256809425,0.0,0.0,7.0
ENSG00000181019,0.40317916558262695,344.8003416064832,0.0,0.0,22.0
ENSG00000138772,0.3436501506501346,344.5510344485426,0.0,0.0,4.0
ENSG00000185420,0.2678427679390204,344.4837611320559,0.0,0.0,6.0
ENSG00000169903,0.3278152262884229,344.34345881382586,0.0,0.0,27.0
ENSG00000105835,0.3612086401550282,343.2563328172768,0.0,0.0,15.0
ENSG00000131016,0.16988752768232052,343.0614533222793,0.0,0.0,11.0
ENSG00000167653,0.4790145896387033,342.6957428207252,0.0,0.0,25.0
ENSG00000156206,0.18196808050331884,342.0753653040542,0.0,0.0,2.0
ENSG00000104419,0.3873896086439987,342.0152502351067,0.0,0.0,14.0
ENSG00000277443,0.3304732551782733,340.8826931567385,0.0,0.0,32.0
ENSG00000073737,0.36448922751795065,340.73144011090676,0.0,0.0,13.0
ENSG00000128645,0.25100389605521084,340.5942656821609,0.0,0.0,21.0
ENSG00000120129,0.368688777429598,340.49239824125266,0.0,0.0,9.0
ENSG00000196189,0.26130053000734743,339.03660470334853,0.0,0.0,9.0
ENSG00000166920,0.3901723478398481,338.94699738634125,0.0,0.0,14.0
ENSG00000166863,0.3564891421310974,338.86875173810085,0.0,0.0,10.0
ENSG00000129521,0.24879798489991867,338.583590024007,0.0,0.0,6.0
ENSG00000114315,0.2506699430469597,336.05885803496466,0.0,0.0,15.0
ENSG00000163491,0.2329425741484292,334.91219093647555,0.0,0.0,2.0
ENSG00000165795,0.3750846567357044,334.855474337495,0.0,0.0,25.0
ENSG00000174776,0.2733782598681603,334.25518642112047,0.0,0.0,2.0
ENSG00000163083,0.25449033149281736,333.3014930953227,0.0,0.0,15.0
ENSG00000196620,0.32014227759575953,333.0071838782362,0.0,0.0,-1.0
ENSG00000157765,0.4671781906360605,332.38218918264783,0.0,0.0,7.0
ENSG00000263639,0.15828897882107354,332.14471497395704,0.0,0.0,19.0
ENSG00000165474,0.30781596487212715,331.88556171329844,0.0,0.0,6.0
ENSG00000144063,0.3916721585222049,331.359247855033,0.0,0.0,12.0
ENSG00000162148,0.27011340551209667,330.26266247016594,0.0,0.0,2.0
ENSG00000090339,0.3152540568595584,330.152396543665,0.0,0.0,15.0
ENSG00000111247,0.3517826232198836,328.42259284146894,0.0,0.0,8.0
ENSG00000168243,0.26864222436328933,328.06187147875085,0.0,0.0,5.0
ENSG00000205426,0.2477825984234709,327.87077145918767,0.0,0.0,20.0
ENSG00000203760,0.35072328429901073,327.8420520768669,0.0,0.0,3.0
ENSG00000164265,0.29457048206516373,327.59135939445696,0.0,0.0,7.0
ENSG00000165376,0.2341735310827959,325.60729428230104,0.0,0.0,26.0
ENSG00000229344,0.41294234183776934,324.9752153797474,0.0,0.0,23.0
ENSG00000143320,0.29863332063471104,324.86524779643264,0.0,0.0,29.0
ENSG00000025423,0.38902406982369203,324.5949929539418,0.0,0.0,7.0
ENSG00000162654,0.3512686750758879,324.5931164133019,0.0,0.0,5.0
ENSG00000103811,0.515222039256314,324.5823177587067,0.0,0.0,12.0
ENSG00000205002,0.15664091823135332,323.69945232522036,0.0,0.0,7.0
ENSG00000171345,0.5381690158831208,323.5196122423122,0.0,0.0,14.0
ENSG00000169429,0.19553770445778051,321.9581757827655,0.0,0.0,15.0
ENSG00000163629,0.320576412803494,321.61143578067924,0.0,0.0,7.0
ENSG00000157330,0.15643968802645472,321.4462359670965,0.0,0.0,2.0
ENSG00000168209,0.3532612298339793,321.2398442777563,0.0,0.0,6.0
ENSG00000163435,0.34703044081011825,321.1278693060711,0.0,0.0,9.0
ENSG00000132002,0.32932583144460786,319.9236581318868,0.0,0.0,9.0
ENSG00000129654,0.33718597787013427,319.19593289108303,0.0,0.0,2.0
ENSG00000198691,0.32512509543135604,319.0951107083467,0.0,0.0,15.0
ENSG00000178473,0.32128696765719605,318.67788657529246,0.0,0.0,27.0
ENSG00000144802,0.3145645351903227,318.4447261154964,0.0,0.0,9.0
ENSG00000196878,0.3374915032497697,318.3135552716799,0.0,0.0,17.0
ENSG00000012223,0.192542924825234,318.23143041108904,0.0,0.0,35.0
ENSG00000152253,0.32438689056017295,317.502907424801,0.0,0.0,8.0
ENSG00000110195,0.5073989832046241,317.0218382428624,0.0,0.0,12.0
ENSG00000156234,0.17533438302849594,316.58728993424046,0.0,0.0,27.0
ENSG00000116039,0.3852782706022766,316.45172213419994,0.0,0.0,10.0
ENSG00000170312,0.4327936395531195,314.8807099245065,0.0,0.0,8.0
ENSG00000248144,0.28133370099352945,314.8637255219338,0.0,0.0,27.0
ENSG00000113368,0.3499375731581843,312.01241498714995,0.0,0.0,5.0
ENSG00000148926,0.22202796744457493,311.9157826486417,0.0,0.0,6.0
ENSG00000126787,0.36993063421046496,311.7156321496516,0.0,0.0,3.0
ENSG00000149591,0.1564322277154086,311.1319775516288,0.0,0.0,20.0
ENSG00000111912,0.26944323491001737,311.0006228616802,0.0,0.0,24.0
ENSG00000130513,0.1976652902938704,309.61510011150506,0.0,0.0,9.0
ENSG00000162772,0.3790880867803599,309.51226676337444,0.0,0.0,9.0
ENSG00000105971,0.3802510538087268,308.6743432674821,0.0,0.0,4.0
ENSG00000176890,0.3818288979575354,308.1125913644531,0.0,0.0,8.0
ENSG00000204866,0.2480523829637526,307.93864744867307,0.0,0.0,6.0
ENSG00000024526,0.3884047563584949,307.15786033864765,0.0,0.0,3.0
ENSG00000165175,0.2605990728471574,306.7590030738606,0.0,0.0,7.0
ENSG00000136155,0.35668476450379966,305.78991426442593,0.0,0.0,15.0
ENSG00000165949,0.3772410431827295,304.6330697681028,0.0,0.0,24.0
ENSG00000145623,0.3127294622796335,304.45511557462277,0.0,0.0,14.0
ENSG00000090382,0.18299864020057405,304.19210277852665,0.0,0.0,11.0
ENSG00000179344,0.3601943225692557,303.6314323970009,0.0,0.0,12.0
ENSG00000266402,0.22457433934692206,303.48009461380116,0.0,0.0,22.0
ENSG00000237649,0.3652041840557182,303.17820130087273,0.0,0.0,3.0
ENSG00000105877,0.27647402912362756,302.6738818366441,0.0,0.0,2.0
ENSG00000136826,0.30916353406168673,302.537323789515,0.0,0.0,9.0
ENSG00000086548,0.4049465643525192,302.4530238072994,0.0,0.0,17.0
ENSG00000134986,0.2425638254094306,302.43172687642823,0.0,0.0,5.0
ENSG00000135679,0.2890916355242237,302.243701018264,0.0,0.0,15.0
ENSG00000180818,0.28587455375356186,301.4992799145206,0.0,0.0,5.0
ENSG00000167900,0.5021422329248468,300.7902907453762,0.0,0.0,8.0
ENSG00000189143,0.33084221225484367,300.0237734853176,0.0,0.0,17.0
ENSG00000117525,0.30130584267460686,299.72838839431387,0.0,0.0,6.0
ENSG00000156966,0.28665694131772174,299.5783621423599,0.0,0.0,17.0
ENSG00000186081,0.7257285045811889,299.5302443172486,0.0,0.0,13.0
ENSG00000124466,0.39986738171571606,299.0188398288142,0.0,0.0,13.0
ENSG00000079156,0.32651785831542224,298.51377220943635,0.0,0.0,2.0
ENSG00000183087,0.2725556808384674,297.8653137501016,0.0,0.0,4.0
ENSG00000153347,0.31614952222535603,297.8285605451151,0.0,0.0,2.0
ENSG00000140057,0.2655300786363483,297.54299937991084,0.0,0.0,2.0
ENSG00000170899,0.26216579985386634,297.3779550554083,0.0,0.0,7.0
ENSG00000147689,0.3859982986188925,297.2654328262018,0.0,0.0,14.0
ENSG00000235162,0.2796837986105115,297.19532745022883,0.0,0.0,11.0
ENSG00000115461,0.22235764393306715,296.85409016617274,0.0,0.0,6.0
ENSG00000125848,0.28683154847795916,296.7676288752673,0.0,0.0,7.0
ENSG00000118407,0.24605143659987735,296.18474131805203,0.0,0.0,21.0
ENSG00000134531,0.349679045595018,295.37933178594324,0.0,0.0,17.0
ENSG00000116285,0.3238683899095323,294.5466983480575,0.0,0.0,14.0
ENSG00000115361,0.2639172854077314,293.4479973367087,0.0,0.0,7.0
ENSG00000130707,0.36698957128849147,292.56602706607833,0.0,0.0,25.0
ENSG00000136689,0.46993828307654295,292.18216577953933,0.0,0.0,13.0
ENSG00000175063,0.38082124971856124,291.9594520068665,0.0,0.0,3.0
ENSG00000163235,0.26595514279389565,291.4093061382147,0.0,0.0,14.0
ENSG00000132470,0.3311715278519894,291.00220864848154,0.0,0.0,17.0
ENSG00000110092,0.396718125786251,290.491830679127,0.0,0.0,17.0
ENSG00000163993,0.4707013116328586,289.56198382511417,0.0,0.0,19.0
ENSG00000122711,0.40555749961815807,288.8152741235636,0.0,0.0,11.0
ENSG00000197142,0.4573883908780827,288.6025795307128,0.0,0.0,19.0
ENSG00000159228,0.5464734442571141,288.1610755468323,0.0,0.0,22.0
ENSG00000019549,0.2591951369738793,287.69463090024334,0.0,0.0,6.0
ENSG00000148671,0.37413134517795393,287.2917844482484,0.0,0.0,4.0
ENSG00000100031,0.19611763562140955,287.10705903262914,0.0,0.0,4.0
ENSG00000094755,0.296016298491803,286.93688870769,0.0,0.0,13.0
ENSG00000120211,0.27716481318590236,286.50010903790434,0.0,0.0,19.0
ENSG00000115009,0.21803628660299096,286.3734598986865,0.0,0.0,14.0
ENSG00000116260,0.28692907510044474,285.91780671118664,0.0,0.0,26.0
ENSG00000124766,0.3669706095799576,284.45954705624456,0.0,0.0,10.0
ENSG00000122952,0.4027585616834603,283.0016983490109,0.0,0.0,8.0
ENSG00000183036,0.17971394973258129,282.9283939056937,0.0,0.0,22.0
ENSG00000111665,0.38355269652901064,282.37474541604996,0.0,0.0,3.0
ENSG00000113810,0.3330226020392028,281.60527543014325,0.0,0.0,3.0
ENSG00000187608,0.27593063701293513,281.26812154354013,0.0,0.0,5.0
ENSG00000134690,0.3481157305815985,280.9341642551144,0.0,0.0,3.0
ENSG00000115963,0.2973119456102946,280.4119793834188,0.0,0.0,17.0
ENSG00000172456,0.3230468896147749,280.1585305582336,0.0,0.0,7.0
ENSG00000182472,0.26533846272996703,279.739466604247,0.0,0.0,27.0
ENSG00000185250,0.28254641415612625,279.5512729298153,0.0,0.0,2.0
ENSG00000124440,0.3058419718741361,279.4997810705048,0.0,0.0,19.0
ENSG00000249307,0.06907909810146672,279.31179192971445,0.0,0.0,7.0
ENSG00000169908,0.3316063128254246,279.1484557806191,0.0,0.0,17.0
ENSG00000269821,0.2438400400186616,279.1469255292877,0.0,0.0,10.0
ENSG00000072571,0.38993013534719917,279.09171274333534,0.0,0.0,3.0
ENSG00000175426,0.2505446352134893,278.5685403118288,0.0,0.0,11.0
ENSG00000137959,0.26012120809616374,277.90900187931896,0.0,0.0,5.0
ENSG00000178999,0.3906209195838434,277.8086535966027,0.0,0.0,3.0
ENSG00000169679,0.3427684604383252,276.90194749969197,0.0,0.0,3.0
ENSG00000142910,0.295090598390999,276.46532707273946,0.0,0.0,14.0
ENSG00000171766,0.2781257174412929,276.3462735691194,0.0,0.0,27.0
ENSG00000086991,0.2262391303336232,276.1268340108568,0.0,0.0,6.0
ENSG00000154146,0.32298195248260714,276.1067291117272,0.0,0.0,7.0
ENSG00000132510,0.27188327780965477,276.0363616611419,0.0,0.0,15.0
ENSG00000157601,0.29701876655414794,275.55175336426794,0.0,0.0,5.0
ENSG00000182054,0.30121920251341505,275.3586579955155,0.0,0.0,5.0
ENSG00000117650,0.3846501299230916,275.1053546502022,0.0,0.0,3.0
ENSG00000115828,0.260179658154909,275.0854409458071,0.0,0.0,29.0
ENSG00000110080,0.3493225113892484,273.88595348653087,0.0,0.0,11.0
ENSG00000125999,0.48325458840957414,273.37022375309147,0.0,0.0,35.0
ENSG00000196344,0.4329500902536447,273.0167696932654,0.0,0.0,13.0
ENSG00000154188,0.23009179631758017,272.64082293852664,0.0,0.0,5.0
ENSG00000135451,0.4002252696208685,272.6085303928023,0.0,0.0,3.0
ENSG00000103534,0.32011237100086204,272.29997384158014,0.0,0.0,15.0
ENSG00000112419,0.32858175293350034,271.704103562778,0.0,0.0,10.0
ENSG00000130529,0.28491048283763165,271.4757838143014,0.0,0.0,32.0
ENSG00000277075,0.3204159633775736,270.92796326025757,0.0,0.0,10.0
ENSG00000167656,0.48838057452898503,269.30456394472185,0.0,0.0,13.0
ENSG00000121858,0.29709372866932965,269.0312799958239,0.0,0.0,24.0
ENSG00000238269,0.25440832889711396,268.88480106282077,0.0,0.0,20.0
ENSG00000185361,0.2888829448171341,268.24536179398734,0.0,0.0,2.0
ENSG00000145287,0.331766519330754,267.939213050572,0.0,0.0,13.0
ENSG00000173702,0.22303626075718264,267.5203030651539,0.0,0.0,11.0
ENSG00000064199,0.32090320753985296,267.49566596898194,0.0,0.0,2.0
ENSG00000178343,0.24637656064570276,267.3478741635722,0.0,0.0,21.0
ENSG00000174080,0.2376675941468356,267.3370565178343,0.0,0.0,19.0
ENSG00000100342,0.33201590807935755,266.89901463344006,0.0,0.0,19.0
ENSG00000161798,0.23515063107180958,266.8319509564662,0.0,0.0,11.0
ENSG00000102109,0.2656218534063405,266.7743779976252,0.0,0.0,23.0
ENSG00000187498,0.25855733709767925,265.8391197758075,0.0,0.0,6.0
ENSG00000213145,0.2769005531992143,265.7554799209989,0.0,0.0,14.0
ENSG00000087586,0.33733270546484384,265.71319956557016,0.0,0.0,3.0
ENSG00000171840,0.2253419945337437,265.66570551040854,0.0,0.0,12.0
ENSG00000168899,0.17982346917143396,265.6024054499351,0.0,0.0,22.0
ENSG00000206073,0.1116565311000117,265.44709220725196,0.0,0.0,5.0
ENSG00000099994,0.43971222975109064,265.415914753874,0.0,0.0,7.0
ENSG00000168481,0.21065286942186157,264.6509728531189,0.0,0.0,7.0
ENSG00000120833,0.19000909503781668,264.51896630811683,0.0,0.0,7.0
ENSG00000010438,0.30421052641846513,264.5176397209217,0.0,0.0,11.0
ENSG00000183742,0.3371323869650376,264.4955508005255,0.0,0.0,17.0
ENSG00000104368,0.23294368292995188,264.2354231101089,0.0,0.0,32.0
ENSG00000141526,0.3629057794989207,263.30317528825753,0.0,0.0,6.0
ENSG00000178209,0.35546707923926174,263.0417024093435,0.0,0.0,17.0
ENSG00000068489,0.37836312282212364,262.2417378826333,0.0,0.0,3.0
ENSG00000066279,0.4327071015975749,261.98967159804135,0.0,0.0,3.0
ENSG00000164929,0.15378996905199402,261.9343015224457,0.0,0.0,15.0
ENSG00000071967,0.2888271759005685,260.39753267666777,0.0,0.0,21.0
ENSG00000138162,0.3041832791607671,259.8864597991269,0.0,0.0,19.0
ENSG00000113070,0.28681673628364035,259.006472590854,0.0,0.0,15.0
ENSG00000172602,0.16589916569665544,258.46597522588974,0.0,0.0,7.0
ENSG00000168078,0.3457278894198008,257.47621869541223,0.0,0.0,3.0
ENSG00000131203,0.2982947461332222,257.1544885900005,0.0,0.0,24.0
ENSG00000105855,0.32218915639517864,256.616445765291,0.0,0.0,17.0
ENSG00000114771,0.17938916692379694,256.0562276592882,0.0,0.0,-1.0
ENSG00000153395,0.37736409885987204,256.02783167753074,0.0,0.0,7.0
ENSG00000137440,0.3218434655288754,255.77349780733184,0.0,0.0,13.0
ENSG00000123975,0.37260563492071025,255.64301555461842,0.0,0.0,3.0
ENSG00000196611,0.3763262737513168,255.49893958796915,0.0,0.0,-1.0
ENSG00000115380,0.3649990866413755,255.1554352833045,0.0,0.0,10.0
ENSG00000131018,0.31091589981765944,253.41676438248368,0.0,0.0,7.0
ENSG00000038427,0.22180771461361962,253.0681654659308,0.0,0.0,5.0
ENSG00000152661,0.2401404095700367,252.8768060288645,0.0,0.0,23.0
ENSG00000243955,0.23652129759658508,252.82735767155327,0.0,0.0,2.0
ENSG00000165272,0.45096098206693935,252.7798250027738,0.0,0.0,19.0
ENSG00000099937,0.12371897309040085,252.10891229921603,0.0,0.0,26.0
ENSG00000177508,0.3394154695271958,251.8801439963398,0.0,0.0,7.0
ENSG00000059804,0.2230964360825257,251.76534599737516,0.0,0.0,28.0
ENSG00000095713,0.379627587525177,251.67582731742039,0.0,0.0,7.0
ENSG00000170540,0.3193608352630007,251.18160915484273,0.0,0.0,3.0
ENSG00000060982,0.25389947726680173,251.08488292137463,0.0,0.0,26.0
ENSG00000003436,0.2556174646527384,250.89137729471824,0.0,0.0,7.0
ENSG00000005108,0.365474124983373,249.9782058241909,0.0,0.0,10.0
ENSG00000267107,0.11230110543925699,249.92623197800722,0.0,0.0,2.0
ENSG00000006016,0.3987654364600432,249.86485750583688,0.0,0.0,19.0
ENSG00000213949,0.23787077359785683,249.3363624698175,0.0,0.0,15.0
ENSG00000109861,0.2814192438854601,248.32369566304476,0.0,0.0,17.0
ENSG00000101470,0.32447151953506026,248.31739837829795,0.0,0.0,14.0
ENSG00000124490,0.15654418841347378,248.28601343194367,0.0,0.0,2.0
ENSG00000165215,0.3099261569201704,248.26452479290728,0.0,0.0,10.0
ENSG00000139289,0.235228224908439,248.2595117961379,0.0,0.0,11.0
ENSG00000135919,0.2242421488651301,247.79168832494528,0.0,0.0,11.0
ENSG00000021826,0.19619914140681324,247.75316229375719,0.0,0.0,19.0
ENSG00000135111,0.22944456738774124,246.17119270153037,0.0,0.0,5.0
ENSG00000163286,0.19222013073688046,246.1505355555546,0.0,0.0,10.0
ENSG00000137807,0.3740206791270281,245.45494372587325,0.0,0.0,3.0
ENSG00000164442,0.22726312886759292,245.42796450295188,0.0,0.0,7.0
ENSG00000119508,0.2148660855355243,245.02027418248696,0.0,0.0,15.0
ENSG00000204103,0.1887365281638569,245.00439503537692,0.0,0.0,9.0
ENSG00000168497,0.20240906548033086,244.48434904442115,0.0,0.0,15.0
ENSG00000144366,0.23352431188052933,243.85852158666,0.0,0.0,19.0
ENSG00000108342,0.14521870186851837,243.26104059174037,0.0,0.0,7.0
ENSG00000109339,0.21145104985986493,242.8454817302768,0.0,0.0,26.0
ENSG00000140451,0.2645999628514911,242.61281254427115,0.0,0.0,3.0
ENSG00000169031,0.22773365996241196,241.82727013361986,0.0,0.0,4.0
ENSG00000134827,0.22000475871484498,241.50699757852627,0.0,0.0,11.0
ENSG00000119535,0.30838226967164256,241.4920736565812,0.0,0.0,7.0
ENSG00000073792,0.3208914702286593,239.9274497669995,0.0,0.0,10.0
ENSG00000112902,0.19671804464148915,239.71366993546522,0.0,0.0,4.0
ENSG00000187244,0.2719337227758291,239.11240191888749,0.0,0.0,7.0
ENSG00000165092,0.32812581341703906,238.65068808438178,0.0,0.0,2.0
ENSG00000108582,0.3006899255646779,238.44119644716187,0.0,0.0,14.0
ENSG00000118308,0.14733727596091276,238.24162937885995,0.0,0.0,5.0
ENSG00000115163,0.3856979937026974,238.13442753288174,0.0,0.0,3.0
ENSG00000197943,0.11437712461425027,237.78931348560843,0.0,0.0,18.0
ENSG00000135185,0.23855395693053366,237.71449758231867,0.0,0.0,7.0
ENSG00000181449,0.22524804506588936,237.55476771874046,0.0,0.0,28.0
ENSG00000106853,0.28994379399697207,237.35950535610004,0.0,0.0,25.0
ENSG00000213654,0.21655454787891584,236.76021883396965,0.0,0.0,26.0
ENSG00000164741,0.35224377074772806,236.31122528205404,0.0,0.0,7.0
ENSG00000115738,0.21764301130357855,235.98946457709613,0.0,0.0,10.0
ENSG00000184557,0.25470401111197905,235.88664521243388,0.0,0.0,7.0
ENSG00000145386,0.35477865789801244,235.87895523924283,0.0,0.0,3.0
ENSG00000092853,0.33475858622049365,235.6561598530583,0.0,0.0,8.0
ENSG00000213190,0.1835124828010523,235.384200902845,0.0,0.0,22.0
ENSG00000153234,0.253042614687682,235.08407907822962,0.0,0.0,15.0
ENSG00000151914,0.31804815439207057,234.46370624134948,0.0,0.0,23.0
ENSG00000196937,0.3175018108691896,234.1584526720373,0.0,0.0,17.0
ENSG00000142609,0.222056994772159,234.0898649616966,0.0,0.0,2.0
ENSG00000100526,0.4114176838763548,233.99827190974145,0.0,0.0,3.0
ENSG00000163898,0.2513037416605965,233.48363334940342,0.0,0.0,10.0
ENSG00000163535,0.29691209365660104,232.38923473263418,0.0,0.0,3.0
ENSG00000167614,0.3134139402826297,232.30635214536906,0.0,0.0,25.0
ENSG00000204389,0.3276108547896076,232.09146451561426,0.0,0.0,15.0
ENSG00000135678,0.29528419122267646,231.93281461710748,0.0,0.0,18.0
ENSG00000115457,0.17355348421515426,231.8219796954667,0.0,0.0,7.0
ENSG00000164949,0.23996435896954885,231.75492740281462,0.0,0.0,15.0
ENSG00000213123,0.28069823194857296,231.73197081050742,0.0,0.0,2.0
ENSG00000135472,0.14138933485383343,231.54136172262807,0.0,0.0,29.0
ENSG00000163209,0.2328427794658271,231.26855093276657,0.0,0.0,13.0
ENSG00000161905,0.16948680823820683,230.6531114959377,0.0,0.0,2.0
ENSG00000115641,0.29568713113555967,230.20379659274363,0.0,0.0,20.0
ENSG00000149131,0.256419219433504,229.76037046058437,0.0,0.0,10.0
ENSG00000135074,0.22181030040543093,229.63370240312847,0.0,0.0,6.0
ENSG00000133116,0.12727608945449426,228.8247971638727,0.0,0.0,29.0
ENSG00000108244,0.180261155717039,228.43640790325898,0.0,0.0,32.0
ENSG00000121064,0.2747077407365668,228.1770181380719,0.0,0.0,12.0
ENSG00000142798,0.24369537030364027,227.0898242874021,0.0,0.0,26.0
ENSG00000154553,0.19544292068972208,225.6592404308214,0.0,0.0,26.0
ENSG00000140254,0.21221537426438788,225.46268773603623,0.0,0.0,7.0
ENSG00000128342,0.19715688066184325,225.29256693906993,0.0,0.0,14.0
ENSG00000112118,0.269329954541343,225.1513390814225,0.0,0.0,8.0
ENSG00000120659,0.15466258671904462,225.10398381104835,0.0,0.0,11.0
ENSG00000150687,0.3087004231610262,224.9252629293243,0.0,0.0,17.0
ENSG00000171711,0.18493023120101365,224.47048404469214,0.0,0.0,15.0
ENSG00000171320,0.24838634488399838,224.0218776154165,0.0,0.0,8.0
ENSG00000170373,0.07259797336897643,223.96710233841796,0.0,0.0,31.0
ENSG00000131711,0.21697204158474212,223.96249306710584,0.0,0.0,5.0
ENSG00000185499,0.4907402603579849,223.93836328533092,0.0,0.0,7.0
ENSG00000171401,0.5959290989071807,223.8178367096783,0.0,0.0,13.0
ENSG00000096696,0.32436910082668097,223.41335554352324,0.0,0.0,10.0
ENSG00000090530,0.2561250695262942,223.32250986841134,0.0,0.0,7.0
ENSG00000249242,0.1995481382913648,222.80438261926284,0.0,0.0,15.0
ENSG00000151838,0.1289404643778651,222.71618957865797,0.0,0.0,2.0
ENSG00000198743,0.22072474578727036,222.66203339934108,0.0,0.0,14.0
ENSG00000132329,0.2726856984344104,222.39167740480323,0.0,0.0,29.0
ENSG00000162576,0.2084944405462209,222.31886229551256,0.0,0.0,26.0
ENSG00000075218,0.3615876285630493,221.9695896067512,0.0,0.0,3.0
ENSG00000145569,0.374745416846198,221.62027163488474,0.0,0.0,19.0
ENSG00000106546,0.27903545391361123,220.30655600654603,0.0,0.0,17.0
ENSG00000178934,0.24551563581559963,220.12714739431317,0.0,0.0,13.0
ENSG00000123485,0.28912574605014174,220.0478333968453,0.0,0.0,3.0
ENSG00000166851,0.38050459077242893,219.22264852752994,0.0,0.0,3.0
ENSG00000162814,0.2318711151619222,219.09028739291233,0.0,0.0,2.0
ENSG00000169583,0.3535459952812911,218.96627844743034,0.0,0.0,4.0
ENSG00000113140,0.2235401414763931,218.8527032490873,0.0,0.0,4.0
ENSG00000011028,0.2105929168171759,217.9980303965328,0.0,0.0,15.0
ENSG00000245848,0.21348139733705146,217.55260107680516,0.0,0.0,27.0
ENSG00000162174,0.24562038480697287,217.25525138069813,0.0,0.0,27.0
ENSG00000102409,0.20489758213902148,217.1817436162812,0.0,0.0,12.0
ENSG00000163739,0.23403592272247037,216.95377190627448,0.0,0.0,15.0
ENSG00000188906,0.35173674069516797,216.9167760219556,0.0,0.0,7.0
ENSG00000105976,0.31795881857961367,216.8074111624261,0.0,0.0,17.0
ENSG00000157551,0.21164377297364503,216.55548035005546,0.0,0.0,7.0
ENSG00000176358,0.15605399180908008,215.98706155936642,0.0,0.0,33.0
ENSG00000177469,0.23357250738812244,215.7036048569734,0.0,0.0,15.0
ENSG00000071539,0.2723588012731898,215.58270971257048,0.0,0.0,8.0
ENSG00000129810,0.34512184800314216,215.523580886383,0.0,0.0,3.0
ENSG00000187193,0.21697277552891506,215.33222564256656,0.0,0.0,6.0
ENSG00000143127,0.14585310623352007,215.1909411273012,0.0,0.0,19.0
ENSG00000178372,0.17572887829335473,215.06206857167416,0.0,0.0,24.0
ENSG00000182853,0.17831086843811525,214.8381650445579,0.0,0.0,35.0
ENSG00000159212,0.2869700811018324,214.6975571342933,0.0,0.0,15.0
ENSG00000158373,0.2873909897546814,214.22597905685834,0.0,0.0,10.0
ENSG00000130876,0.36354123647500286,213.3679677896051,0.0,0.0,10.0
ENSG00000102786,0.2229046337274065,213.36703177940072,0.0,0.0,9.0
ENSG00000145920,0.13524584819760582,213.3355227873766,0.0,0.0,19.0
ENSG00000181649,0.32262062735361885,213.036340254856,0.0,0.0,30.0
ENSG00000163879,0.2310751342633133,212.85583912822793,0.0,0.0,2.0
ENSG00000176029,0.1444302472230199,212.24556555597314,0.0,0.0,2.0
ENSG00000179820,0.23108690715887578,211.27941927859973,0.0,0.0,15.0
ENSG00000169252,0.18047294810772196,211.03864936246893,0.0,0.0,15.0
ENSG00000007402,0.40063073900377394,210.9285510316375,0.0,0.0,7.0
ENSG00000131153,0.28647038611127096,210.82229720594634,0.0,0.0,8.0
ENSG00000139318,0.23390671585917736,210.7827410816802,0.0,0.0,15.0
ENSG00000165507,0.16689270201072337,210.37099934004993,0.0,0.0,11.0
ENSG00000181085,0.21592532944722526,210.27729748624893,0.0,0.0,2.0
ENSG00000171346,0.2423730418203903,209.9139560726944,0.0,0.0,28.0
ENSG00000007944,0.21187439240172642,209.88759855576845,0.0,0.0,9.0
ENSG00000173376,0.2398411244810331,209.79554298826304,0.0,0.0,4.0
ENSG00000108106,0.41656960656798026,209.66295352445138,0.0,0.0,3.0
ENSG00000198643,0.22547720398759588,209.5428385526104,0.0,0.0,11.0
ENSG00000115221,0.23427494030092366,209.0911129451886,0.0,0.0,26.0
ENSG00000181218,0.21056419271362561,208.91024465779756,0.0,0.0,5.0
ENSG00000154556,0.23642969107162534,208.68461500079417,0.0,0.0,19.0
ENSG00000064687,0.22549182277573504,208.54921879238722,0.0,0.0,14.0
ENSG00000125775,0.2344259966347597,208.47121968593646,0.0,0.0,11.0
ENSG00000138182,0.2711952837055683,208.21715318768898,0.0,0.0,3.0
ENSG00000154277,0.4993541856653245,208.10016625582588,0.0,0.0,22.0
ENSG00000105696,0.28697179683305724,207.9125988250567,0.0,0.0,19.0
ENSG00000137699,0.3523587642958024,207.62985847110494,0.0,0.0,13.0
ENSG00000109610,0.2224166245516725,207.4806266285636,0.0,0.0,7.0
ENSG00000125968,0.23067733686572447,206.87433988847053,0.0,0.0,10.0
ENSG00000125730,0.35405114777472635,206.8540506373914,0.0,0.0,7.0
ENSG00000114790,0.20482364726368846,206.7885538796799,0.0,0.0,4.0
ENSG00000197180,0.20082080632469457,206.45519796605402,0.0,0.0,2.0
ENSG00000113296,0.1334767261222546,206.3640507382027,0.0,0.0,12.0
ENSG00000159388,0.3512074614890033,206.07990241382205,0.0,0.0,7.0
ENSG00000130518,0.18687968840125832,205.74856887210242,0.0,0.0,9.0
ENSG00000182463,0.2336001379208108,205.67080992920185,0.0,0.0,32.0
ENSG00000197930,0.2919837777340406,204.76431493231968,0.0,0.0,14.0
ENSG00000160211,0.24952920834116477,204.72261956010325,0.0,0.0,22.0
ENSG00000109321,0.29428087037279643,204.6435124669803,0.0,0.0,15.0
ENSG00000265972,0.353653819240917,204.4812361137103,0.0,0.0,19.0
ENSG00000170442,0.1088883513391834,203.56620858306127,0.0,0.0,20.0
ENSG00000079616,0.20492879717984483,203.3288042116574,0.0,0.0,7.0
ENSG00000196188,0.2529612129419524,203.12510414993207,0.0,0.0,-1.0
ENSG00000035664,0.260737692827637,201.74942864509538,0.0,0.0,4.0
ENSG00000105011,0.33013025783912514,201.7000002451859,0.0,0.0,8.0
ENSG00000105048,0.2978527148777432,201.46138338389306,0.0,0.0,14.0
ENSG00000184254,0.2340269099675442,201.2493146838049,0.0,0.0,17.0
ENSG00000132321,0.21574197225298913,200.81495087730787,0.0,0.0,2.0
ENSG00000120875,0.20126082458333217,200.6408158140276,0.0,0.0,11.0
ENSG00000120694,0.24864513313181363,200.40066980995482,0.0,0.0,15.0
ENSG00000166347,0.5551280010689338,200.19193114164707,0.0,0.0,7.0
ENSG00000163220,0.29187951351081987,199.35728499744087,0.0,0.0,13.0
ENSG00000111666,0.2984363814494616,198.8105257353065,0.0,0.0,19.0
ENSG00000166963,0.3043146225907134,198.37516138510716,0.0,0.0,2.0
ENSG00000185567,0.24171598409832376,197.60818172695105,0.0,0.0,17.0
ENSG00000185215,0.2110837499991404,197.56863225485284,0.0,0.0,14.0
ENSG00000196754,0.5110013235264587,196.7425110075953,0.0,0.0,13.0
ENSG00000197415,0.22358380352537524,196.66350515097503,0.0,0.0,7.0
ENSG00000185633,0.24886729356664633,196.65768305452764,0.0,0.0,5.0
ENSG00000196090,0.14449468530866214,196.60462417483174,0.0,0.0,2.0
ENSG00000198734,0.16873381551529593,196.37077511358072,0.0,0.0,28.0
ENSG00000106258,0.17412134232341528,196.00343057796954,0.0,0.0,19.0
ENSG00000145864,0.16381229831545296,195.90503561988663,0.0,0.0,21.0
ENSG00000170627,0.25900900532979293,195.89755413262674,0.0,0.0,10.0
ENSG00000127824,0.23095523745446705,195.6796024933345,0.0,0.0,6.0
ENSG00000176788,0.3085013653242257,195.19493534639167,0.0,0.0,10.0
ENSG00000089127,0.21845395443736568,195.18826491803662,0.0,0.0,15.0
ENSG00000169894,0.18352577083117955,195.08349710717636,0.0,0.0,26.0
ENSG00000162383,0.17738823866353423,195.03795565359277,0.0,0.0,26.0
ENSG00000186832,0.19568832399356562,194.75461064397447,0.0,0.0,6.0
ENSG00000257084,0.181487575286836,194.63442536407004,0.0,0.0,28.0
ENSG00000104783,0.2702599977322174,194.52901982756248,0.0,0.0,17.0
ENSG00000089327,0.2645152405290362,194.01173801771125,0.0,0.0,27.0
ENSG00000169418,0.14539701963716817,193.83996122668208,0.0,0.0,7.0
ENSG00000197329,0.25238669014159915,193.46169426061772,0.0,0.0,15.0
ENSG00000102854,0.2136557963172029,193.00085795647604,0.0,0.0,4.0
ENSG00000166426,0.10656013924698012,192.90130671715448,0.0,0.0,10.0
ENSG00000101447,0.15769796644145725,192.85069846010984,0.0,0.0,3.0
ENSG00000160602,0.20693350589293732,192.3956256659389,0.0,0.0,21.0
ENSG00000189292,0.13382203097221906,192.02122959507375,0.0,0.0,27.0
ENSG00000075618,0.3018132658172047,191.50313408134588,0.0,0.0,20.0
ENSG00000171759,0.2936976916806342,191.17799371743274,0.0,0.0,19.0
ENSG00000100162,0.28941620266990825,190.9481895578231,0.0,0.0,8.0
ENSG00000123358,0.3988340360704886,190.77199700048243,0.0,0.0,15.0
ENSG00000144485,0.18242935691785434,190.6720389636618,0.0,0.0,5.0
ENSG00000094804,0.28201453151695854,190.60870358143265,0.0,0.0,8.0
ENSG00000168734,0.20374154647936799,190.5152368700265,0.0,0.0,28.0
ENSG00000197632,0.22684668770271543,190.14165133374718,0.0,0.0,25.0
ENSG00000096088,0.21561594305369824,189.6054290256612,0.0,0.0,18.0
ENSG00000143554,0.19393497667180018,189.49980509977553,0.0,0.0,7.0
ENSG00000001084,0.23740075009696215,188.87966789950562,0.0,0.0,25.0
ENSG00000093134,0.15941699501381568,188.64866712365338,0.0,0.0,2.0
ENSG00000102024,0.26696600635073847,188.17801872838191,0.0,0.0,15.0
ENSG00000173559,0.18470846716432132,187.52476549607863,0.0,0.0,15.0
ENSG00000155085,0.19710466860653306,187.2222088653243,0.0,0.0,2.0
ENSG00000002587,0.1913360779164258,187.1873137360185,0.0,0.0,28.0
ENSG00000198417,0.17555758291568466,186.9952999857077,0.0,0.0,28.0
ENSG00000100033,0.2667577174278756,186.9381466762325,0.0,0.0,-1.0
ENSG00000198959,0.2930691985092945,186.85808005953547,0.0,0.0,30.0
ENSG00000006128,0.06771418560200944,186.48645684688842,0.0,0.0,31.0
ENSG00000103316,0.1256288118666829,186.30455165621174,0.0,0.0,12.0
ENSG00000166415,0.14841242605999183,186.20090722207516,0.0,0.0,5.0
ENSG00000185303,0.5441304215750389,185.99475878238928,0.0,0.0,7.0
ENSG00000121039,0.245792544847054,185.9691542564046,0.0,0.0,15.0
ENSG00000115523,0.2137662636541105,185.8797490294335,0.0,0.0,21.0
ENSG00000176046,0.2458960793730775,185.4431420357277,0.0,0.0,7.0
ENSG00000077044,0.2006508536222719,185.1367758373526,0.0,0.0,15.0
ENSG00000041982,0.2685977235044031,185.09104605314494,0.0,0.0,23.0
ENSG00000151725,0.2821719702052662,184.92944328154726,0.0,0.0,8.0
ENSG00000142871,0.22250330569667381,184.84393776686957,0.0,0.0,15.0
ENSG00000167754,0.25979967032863954,184.50599169931152,0.0,0.0,20.0
ENSG00000215910,0.1544389813508242,184.1476087177088,0.0,0.0,7.0
ENSG00000226746,0.16339151664238272,184.04215285068483,0.0,0.0,28.0
ENSG00000196735,0.30222273523167564,183.35029636296036,0.0,0.0,12.0
ENSG00000039139,0.30272329475996496,183.17225186562993,0.0,0.0,2.0
ENSG00000166508,0.315959316291209,183.16543259690908,0.0,0.0,8.0
ENSG00000196208,0.36451106938045447,182.99633751908476,0.0,0.0,18.0
ENSG00000163734,0.1313445606394878,182.91554188730697,0.0,0.0,15.0
ENSG00000104140,0.21611625174120672,182.6953173297616,0.0,0.0,13.0
ENSG00000130303,0.26574974357046766,182.68780972202669,0.0,0.0,24.0
ENSG00000029993,0.3203844092308375,182.62471066699595,0.0,0.0,22.0
ENSG00000198814,0.29421763295726705,182.51570767147524,0.0,0.0,19.0
ENSG00000204388,0.30652633081233516,182.26006676004684,0.0,0.0,15.0
ENSG00000029534,0.13691712529319977,182.15296038555465,0.0,0.0,19.0
ENSG00000158747,0.2675924942815685,181.86876357159355,0.0,0.0,30.0
ENSG00000069122,0.39998688058975884,181.86601338936862,0.0,0.0,7.0
ENSG00000035862,0.2545704366386332,181.6706088512373,0.0,0.0,17.0
ENSG00000118515,0.21317622182875295,181.32573764432834,0.0,0.0,9.0
ENSG00000144354,0.18836957054474307,181.22597633943704,0.0,0.0,5.0
ENSG00000109205,0.06221316337562923,181.04731367607815,0.0,0.0,6.0
ENSG00000179593,0.29945746829974207,180.41771796979162,0.0,0.0,18.0
ENSG00000129195,0.2858194973000451,180.16003466240906,0.0,0.0,3.0
ENSG00000187908,0.203825944392734,179.95701165392555,0.0,0.0,12.0
ENSG00000188175,0.13494838406550141,179.95126862934987,0.0,0.0,5.0
ENSG00000138002,0.18783783636396245,179.44331171314158,0.0,0.0,11.0
ENSG00000204711,0.206147193662241,179.3810685536712,0.0,0.0,2.0
ENSG00000172379,0.2116498726154473,179.33271774426126,0.0,0.0,21.0
ENSG00000119632,0.20601557375408602,178.9282348086563,0.0,0.0,7.0
ENSG00000137331,0.22964357037568864,178.8423118811657,0.0,0.0,15.0
ENSG00000247516,0.16269497490125762,178.8079223420089,0.0,0.0,22.0
ENSG00000133321,0.25571392352536937,177.5820069010003,0.0,0.0,24.0
ENSG00000169469,0.3168846889813048,177.57902396555397,0.0,0.0,13.0
ENSG00000146592,0.23743972906517388,177.56466245642744,0.0,0.0,32.0
ENSG00000168389,0.2726916347705956,177.5483259597346,0.0,0.0,7.0
ENSG00000187045,0.19208362622486375,177.47582238286068,0.0,0.0,23.0
ENSG00000177706,0.22428092690731677,177.1012871190487,0.0,0.0,32.0
ENSG00000130592,0.24472125621394447,176.52609444603377,0.0,0.0,25.0
ENSG00000099998,0.3166808014865636,176.42614214661938,0.0,0.0,15.0
ENSG00000011465,0.07961153382991966,176.17377139924068,0.0,0.0,6.0
ENSG00000270765,0.17635891396817646,175.5104714606423,0.0,0.0,2.0
ENSG00000105894,0.1639150752530264,175.39424628014527,0.0,0.0,32.0
ENSG00000103187,0.280526904313984,175.2869408756865,0.0,0.0,20.0
ENSG00000115414,0.19809466936561249,175.13256615701854,0.0,0.0,23.0
ENSG00000134222,0.2180794699747941,175.07998423865396,0.0,0.0,3.0
ENSG00000224982,0.1301081833718071,174.96647998451078,0.0,0.0,22.0
ENSG00000101057,0.3608053568310012,174.72642032781295,0.0,0.0,8.0
ENSG00000152936,0.1565091947280704,174.71542641519758,0.0,0.0,2.0
ENSG00000138778,0.32547950638192535,174.68572073966718,0.0,0.0,3.0
ENSG00000189409,0.15315893801077984,174.6457880846788,0.0,0.0,26.0
ENSG00000159648,0.15402091655513508,173.95235736856776,0.0,0.0,26.0
ENSG00000068366,0.21736976777576586,173.81564884610663,0.0,0.0,27.0
ENSG00000130203,0.18138172459491295,173.7912491430924,0.0,0.0,10.0
ENSG00000119457,0.16830597609124834,173.47241490252716,0.0,0.0,21.0
ENSG00000128944,0.26240270865006243,172.38975874551355,0.0,0.0,3.0
ENSG00000106538,0.16273333653824468,172.29047042978894,0.0,0.0,20.0
ENSG00000163032,0.17792988110126884,172.06471040817323,0.0,0.0,13.0
ENSG00000118193,0.27612464489708305,171.88734125219204,0.0,0.0,3.0
ENSG00000100012,0.08280826585320897,171.79521864160324,0.0,0.0,2.0
ENSG00000183628,0.16801845471392515,171.79365061528839,0.0,0.0,28.0
ENSG00000163918,0.2211837927998985,171.5671713769204,0.0,0.0,8.0
ENSG00000090889,0.26831642462576527,171.4082434798609,0.0,0.0,3.0
ENSG00000182985,0.4168838691119266,171.24971446227323,0.0,0.0,18.0
ENSG00000163576,0.23341791478259363,171.18413868053946,0.0,0.0,2.0
ENSG00000198682,0.22116580722807122,170.92575083887183,0.0,0.0,4.0
ENSG00000134873,0.24912447296078546,170.64166710976917,0.0,0.0,15.0
ENSG00000196260,0.5633335187053713,170.31677247902715,0.0,0.0,18.0
ENSG00000139219,0.2315098946203454,170.13134169846793,0.0,0.0,10.0
ENSG00000183690,0.16043841010500823,169.9361206066161,0.0,0.0,2.0
ENSG00000119862,0.17704333357843674,169.827753654071,0.0,0.0,7.0
ENSG00000167601,0.2476269311272093,169.5999908034249,0.0,0.0,10.0
ENSG00000108821,0.2804833197338518,169.24974406531916,0.0,0.0,23.0
ENSG00000105371,0.19104029015780807,169.16048991299033,0.0,0.0,10.0
ENSG00000124116,0.1341689217272891,169.1221581908108,0.0,0.0,22.0
ENSG00000112137,0.17978104164338443,169.11908505291217,0.0,0.0,4.0
ENSG00000205277,0.24529284592936174,169.07209419690477,0.0,0.0,11.0
ENSG00000101842,0.14990689702763188,168.96760362789814,0.0,0.0,26.0
ENSG00000205413,0.25477191957064105,168.87429876146936,0.0,0.0,13.0
ENSG00000164099,0.1593187398453026,168.76567548191056,0.0,0.0,2.0
ENSG00000058335,0.21040390871174083,168.76336944928659,0.0,0.0,7.0
ENSG00000123843,0.21420763101475043,168.46871407304886,0.0,0.0,11.0
ENSG00000145824,0.23191990989725786,168.39530598096053,0.0,0.0,30.0
ENSG00000176171,0.3894749225102585,168.2168930781051,0.0,0.0,19.0
ENSG00000198183,0.07635245180503673,167.97960317894373,0.0,0.0,35.0
ENSG00000122786,0.2183221206721911,167.75452472855866,0.0,0.0,20.0
ENSG00000173890,0.268279022229128,167.35254803213397,0.0,0.0,12.0
ENSG00000011201,0.22719407857633087,167.22659112752075,0.0,0.0,4.0
ENSG00000086544,0.18280629336325968,166.9171519683133,0.0,0.0,7.0
ENSG00000144331,0.3741978029071933,166.8063655595645,0.0,0.0,18.0
ENSG00000162551,0.2798433799486403,166.70612299084743,0.0,0.0,15.0
ENSG00000184012,0.21163837089036577,166.5836354006003,0.0,0.0,7.0
ENSG00000169297,0.13142523798697858,166.451053231867,0.0,0.0,22.0
ENSG00000130508,0.23435979061367293,166.37201862375338,0.0,0.0,23.0
ENSG00000186352,0.16325757247116532,166.09794688134835,0.0,0.0,15.0
ENSG00000159674,0.19652565339193678,165.99433674046344,0.0,0.0,6.0
ENSG00000182481,0.29236160100213443,165.98720475965385,0.0,0.0,3.0
ENSG00000164543,0.22108707110003187,165.9730355401081,0.0,0.0,23.0
ENSG00000242574,0.21133864471363872,165.95777625677766,0.0,0.0,12.0
ENSG00000011426,0.3161800699134316,165.91615252939314,0.0,0.0,3.0
ENSG00000169710,0.3539306060927923,165.55658164471615,0.0,0.0,18.0
ENSG00000125347,0.18073132892580993,165.37004309271612,0.0,0.0,24.0
ENSG00000134107,0.21597411765445076,165.26383518524244,0.0,0.0,14.0
ENSG00000109881,0.2525346520949262,165.23119370026856,0.0,0.0,8.0
ENSG00000117318,0.1565725672573773,165.15972543367945,0.0,0.0,10.0
ENSG00000198125,0.20877272108071396,164.56874970298756,0.0,0.0,14.0
ENSG00000164125,0.18378898177102024,164.47943437259923,0.0,0.0,19.0
ENSG00000162493,0.18687624915765286,164.4634273048208,0.0,0.0,4.0
ENSG00000185946,0.2448936663638701,164.4530536740633,0.0,0.0,18.0
ENSG00000057019,0.25224417921480236,164.35607433165217,0.0,0.0,17.0
ENSG00000011422,0.2588698185045526,164.23524794558926,0.0,0.0,6.0
ENSG00000138180,0.31838197110506467,164.2111985552757,0.0,0.0,3.0
ENSG00000165029,0.19104273323796447,164.11640423733633,0.0,0.0,4.0
ENSG00000157613,0.20768785200639484,163.83828294143615,0.0,0.0,12.0
ENSG00000118271,0.05744884714553664,163.82818689538368,0.0,0.0,31.0
ENSG00000077264,0.15965218009925677,163.76966824069083,0.0,0.0,19.0
ENSG00000140105,0.37466017320296624,163.7308424576898,0.0,0.0,13.0
ENSG00000106415,0.20540732767696335,163.4055856289971,0.0,0.0,4.0
ENSG00000124762,0.19170698107258546,163.34629178468444,0.0,0.0,17.0
ENSG00000141753,0.20600242969820962,163.09904276407255,0.0,0.0,7.0
ENSG00000143546,0.36846979417789105,163.0614155167692,0.0,0.0,13.0
ENSG00000109762,0.1737334305526403,162.73066798071036,0.0,0.0,7.0
ENSG00000023909,0.25569289529946876,162.72303455268212,0.0,0.0,22.0
ENSG00000105852,0.2990584017621882,162.62424243426256,0.0,0.0,7.0
ENSG00000162981,0.1914862845800702,162.51481316267567,0.0,0.0,17.0
ENSG00000162366,0.29990535667528667,162.249096557881,0.0,0.0,30.0
ENSG00000105339,0.2369918187283438,162.02822964712155,0.0,0.0,4.0
ENSG00000087086,0.5970980830689961,161.51816304755357,0.0,0.0,22.0
ENSG00000140416,0.20084665499515847,161.37170352900037,0.0,0.0,20.0
ENSG00000076864,0.24773926367465593,160.90074234350664,0.0,0.0,12.0
ENSG00000243927,0.2057846128900801,160.83479371210808,0.0,0.0,14.0
ENSG00000109255,0.17878353200908054,160.8340078845524,0.0,0.0,8.0
ENSG00000146263,0.17876766398040891,160.80580176020462,0.0,0.0,5.0
ENSG00000005001,0.21559212515603723,160.78590948427188,0.0,0.0,17.0
ENSG00000067064,0.1931663976354295,160.6810361497101,0.0,0.0,5.0
ENSG00000103260,0.26528159336039026,160.44392691034275,0.0,0.0,30.0
ENSG00000082074,0.33524685472761445,160.3102513301708,0.0,0.0,13.0
ENSG00000116299,0.27540156991124576,160.2212580018327,0.0,0.0,15.0
ENSG00000138593,0.4154147380672377,159.80277470148354,0.0,0.0,18.0
ENSG00000184678,0.1531456228213071,159.65482817021152,0.0,0.0,5.0
ENSG00000150750,0.10124599723674833,159.2608227518643,0.0,0.0,5.0
ENSG00000162078,0.23739158650643322,158.75470402477762,0.0,0.0,25.0
ENSG00000175183,0.15718928125934625,158.7007862942349,0.0,0.0,5.0
ENSG00000167757,0.23608204851194736,158.39391054309542,0.0,0.0,4.0
ENSG00000168036,0.1832082988001138,157.98901426319586,0.0,0.0,15.0
ENSG00000163207,0.27004210698780784,157.9769242324896,0.0,0.0,17.0
ENSG00000153071,0.1459217444651159,157.72930032781426,0.0,0.0,7.0
ENSG00000125398,0.1861327333228582,157.64123097059775,0.0,0.0,17.0
ENSG00000166922,0.1505267142731225,157.54798102214073,0.0,0.0,29.0
ENSG00000092929,0.21026371670975139,156.13762775561912,0.0,0.0,28.0
ENSG00000242265,0.23396143075906126,156.1226333952811,0.0,0.0,20.0
ENSG00000147872,0.18834596771503104,156.11221998538062,0.0,0.0,5.0
ENSG00000256870,0.1160107377433397,156.0082498045632,0.0,0.0,20.0
ENSG00000188042,0.17156584076511391,155.77209855325668,0.0,0.0,28.0
ENSG00000170561,0.2480321580523688,155.65464510139185,0.0,0.0,15.0
ENSG00000185112,0.1308882509154576,155.6485525694868,0.0,0.0,5.0
ENSG00000119969,0.23875924273162755,155.61392482382763,0.0,0.0,8.0
ENSG00000168743,0.230047925629621,155.17570688913534,0.0,0.0,4.0
ENSG00000178695,0.17290801484169413,154.91169898891175,0.0,0.0,2.0
ENSG00000198930,0.22586907455676755,154.89883396893566,0.0,0.0,10.0
ENSG00000182795,0.23955439878522633,154.72370502935732,0.0,0.0,26.0
ENSG00000166741,0.42671056879937924,154.64560166410212,0.0,0.0,16.0
ENSG00000134193,0.10133886151864131,154.54673951110956,0.0,0.0,11.0
ENSG00000172965,0.21325093025990216,154.4576459309654,0.0,0.0,28.0
ENSG00000122884,0.215965291735293,154.3907797564713,0.0,0.0,14.0
ENSG00000109805,0.2433165295076581,154.37992056553242,0.0,0.0,3.0
ENSG00000162949,0.15597399437531653,154.29286470770063,0.0,0.0,5.0
ENSG00000120885,0.42008241822227516,153.70666744839946,0.0,0.0,18.0
ENSG00000158402,0.23197548377995442,153.64729899487935,0.0,0.0,3.0
ENSG00000113657,0.19987645776917917,153.582053936417,0.0,0.0,32.0
ENSG00000182326,0.27037761682444156,153.54423123778372,0.0,0.0,16.0
ENSG00000132821,0.3072029585726391,153.52693383374614,0.0,0.0,17.0
ENSG00000140044,0.18509935561839655,153.15329143266374,0.0,0.0,7.0
ENSG00000123119,0.196374481676649,152.8426813378219,0.0,0.0,7.0
ENSG00000111859,0.3238089558507816,152.3323107203324,0.0,0.0,15.0
ENSG00000143355,0.20402946372962477,151.85865035167888,0.0,0.0,5.0
ENSG00000214756,0.21390448429621792,151.51274590269395,0.0,0.0,16.0
ENSG00000133710,0.24611278659476557,150.9048438023517,0.0,0.0,-1.0
ENSG00000205795,0.12864048621152868,150.65660824835837,0.0,0.0,27.0
ENSG00000059728,0.18447550236666915,150.43610489349626,0.0,0.0,17.0
ENSG00000176697,0.16373730617255966,150.34512502355344,0.0,0.0,10.0
ENSG00000110852,0.16945438088277295,149.81663609786386,0.0,0.0,13.0
ENSG00000112852,0.1529868182674644,149.63087281786449,0.0,0.0,5.0
ENSG00000134240,0.11903038229098307,149.52788128643596,0.0,0.0,7.0
ENSG00000163017,0.10786756614667234,149.4884588258477,0.0,0.0,20.0
ENSG00000124731,0.18320725329966261,149.19934717518737,0.0,0.0,14.0
ENSG00000109906,0.4386459161743022,149.16936420587547,0.0,0.0,18.0
ENSG00000259803,0.3760337759116659,149.1448003664704,0.0,0.0,18.0
ENSG00000146166,0.23055128557807422,149.1373520358319,0.0,0.0,19.0
ENSG00000100979,0.17497789349702253,149.10441509995047,0.0,0.0,25.0
ENSG00000163347,0.19477510466560038,148.6664726674033,0.0,0.0,17.0
ENSG00000186007,0.19457628595840534,148.47556433982618,0.0,0.0,11.0
ENSG00000105141,0.09295338049517575,148.19923348683838,0.0,0.0,6.0
ENSG00000181143,0.27095297788946965,148.05670486771632,0.0,0.0,17.0
ENSG00000129194,0.27332792281171997,147.91972349951655,0.0,0.0,13.0
ENSG00000196406,0.15092236481044752,147.46667330471482,0.0,0.0,20.0
ENSG00000213937,0.2040348821209258,147.38882980988416,0.0,0.0,10.0
ENSG00000112312,0.20110302980069322,147.00865322151841,0.0,0.0,8.0
ENSG00000116717,0.1950520828119602,146.6341608230097,0.0,0.0,17.0
ENSG00000151474,0.1508271815266724,146.57333364278986,0.0,0.0,10.0
ENSG00000142173,0.23402777760105084,146.5417909890512,0.0,0.0,23.0
ENSG00000261857,0.08482288121685302,146.4385226791739,0.0,0.0,26.0
ENSG00000248890,0.12528095863666028,146.4004275593843,0.0,0.0,7.0
ENSG00000163430,0.24402278643914654,146.39046099390364,0.0,0.0,4.0
ENSG00000133106,0.18913960457663206,145.92952994840513,0.0,0.0,6.0
ENSG00000113594,0.16895068092249485,145.8492786063842,0.0,0.0,4.0
ENSG00000183971,0.12894428060065313,145.7514117115297,0.0,0.0,26.0
ENSG00000233041,0.0862320845976349,145.4364577808887,0.0,0.0,31.0
ENSG00000174899,0.19163966631602064,145.26312356360128,0.0,0.0,10.0
ENSG00000076641,0.22765800847431283,144.99748591024533,0.0,0.0,15.0
ENSG00000118523,0.15356568464161235,144.75958355859473,0.0,0.0,2.0
ENSG00000148702,0.13744467210786548,144.55380925918786,0.0,0.0,19.0
ENSG00000123219,0.23547088273856662,144.48990730751052,0.0,0.0,8.0
ENSG00000013810,0.24980817808361785,144.3791570566369,0.0,0.0,3.0
ENSG00000071282,0.150128568916527,144.1778060169456,0.0,0.0,6.0
ENSG00000135931,0.13758093852446804,144.08474199833933,0.0,0.0,15.0
ENSG00000149043,0.2401630702268237,144.02544530762606,0.0,0.0,13.0
ENSG00000198732,0.18816107833565968,143.99720011581988,0.0,0.0,11.0
ENSG00000162896,0.4890626450421032,143.7068066148159,0.0,0.0,7.0
ENSG00000042980,0.1622319542819754,143.4907735974467,0.0,0.0,15.0
ENSG00000153292,0.25250890056608655,143.2700754986361,0.0,0.0,15.0
ENSG00000163075,0.2505735792258201,143.22455646443032,0.0,0.0,2.0
ENSG00000125845,0.25445646040346126,142.97704171709506,0.0,0.0,7.0
ENSG00000092969,0.16252846544768487,142.63090313281228,0.0,0.0,17.0
ENSG00000109814,0.2246799099958722,142.6032044612038,0.0,0.0,22.0
ENSG00000183486,0.18650450633135127,142.51898411615946,0.0,0.0,17.0
ENSG00000221867,0.15807716636428668,142.37552925560465,0.0,0.0,10.0
ENSG00000135318,0.18834779428121978,142.3494874461934,0.0,0.0,28.0
ENSG00000091262,0.18143043103860645,141.45250175834215,0.0,0.0,12.0
ENSG00000050165,0.1646792439142592,141.4496232858957,0.0,0.0,19.0
ENSG00000162482,0.14771017848268075,141.1628061541478,0.0,0.0,11.0
ENSG00000164574,0.20605853211364136,141.08845794669853,0.0,0.0,15.0
ENSG00000150551,0.17156605822343118,140.63896706160415,0.0,0.0,28.0
ENSG00000137673,0.18153799931013642,140.58729455607357,0.0,0.0,-1.0
ENSG00000165655,0.14610577541629238,140.40910129430307,0.0,0.0,29.0
ENSG00000172348,0.15419836089514255,140.13982366250184,0.0,0.0,12.0
ENSG00000185885,0.19078507660490893,140.09219968666815,0.0,0.0,14.0
ENSG00000147883,0.16755381825652582,139.97845321152658,0.0,0.0,10.0
ENSG00000166532,0.12569905815426755,139.9680213078727,0.0,0.0,15.0
ENSG00000073756,0.31037889975736993,139.9146582943768,0.0,0.0,14.0
ENSG00000102243,0.17800088957039328,139.62124480012608,0.0,0.0,10.0
ENSG00000023445,0.22491300921496502,139.47835033430192,0.0,0.0,30.0
ENSG00000103485,0.17168406393295071,139.44180792563245,0.0,0.0,26.0
ENSG00000129455,0.16470906470360727,139.19395320323528,0.0,0.0,20.0
ENSG00000085662,0.2392189384273734,139.10600356179188,0.0,0.0,22.0
ENSG00000139211,0.19734467783141332,139.0968581872187,0.0,0.0,23.0
ENSG00000179862,0.1554384758340449,139.07597779738282,0.0,0.0,26.0
ENSG00000115419,0.34878284772068624,138.955884339561,0.0,0.0,7.0
ENSG00000143603,0.12720832917798527,138.47867575849637,0.0,0.0,2.0
ENSG00000112984,0.2226202610317048,138.07195782875374,0.0,0.0,3.0
ENSG00000108551,0.2992565272864549,137.61987745064124,0.0,0.0,18.0
ENSG00000198829,0.08857029873081336,137.61640944640467,0.0,0.0,5.0
ENSG00000157214,0.19149294594336955,137.4578713127,0.0,0.0,30.0
ENSG00000158023,0.21552048258582301,137.25229824779925,0.0,0.0,2.0
ENSG00000136235,0.15139870938638808,137.19860723583184,0.0,0.0,19.0
ENSG00000133048,0.23655568545997033,136.86444145673653,0.0,0.0,7.0
ENSG00000155622,0.1561610930038103,136.35586859379873,0.0,0.0,10.0
ENSG00000147257,0.13025640819049664,135.99537417467224,0.0,0.0,15.0
ENSG00000170525,0.16255767264872648,135.83452158410435,0.0,0.0,14.0
ENSG00000164171,0.26780827611123487,135.68006011689545,0.0,0.0,23.0
ENSG00000240583,0.2237449215134796,135.64877538408473,0.0,0.0,26.0
ENSG00000135540,0.14303506703495458,135.4799116018623,0.0,0.0,7.0
ENSG00000241399,0.34661493252106523,135.1056371506001,0.0,0.0,18.0
ENSG00000196912,0.10737101442790015,135.0876529687568,0.0,0.0,15.0
ENSG00000196581,0.07433643761368133,135.0819867061615,0.0,0.0,26.0
ENSG00000140403,0.14968825811077532,135.0390928475003,0.0,0.0,2.0
ENSG00000124875,0.149587873202605,134.98225213712584,0.0,0.0,35.0
ENSG00000086696,0.17462519233865864,134.80242099172975,0.0,0.0,27.0
ENSG00000130222,0.15132521493333376,134.77003976541073,0.0,0.0,18.0
ENSG00000138160,0.21825753032596323,134.7671290084496,0.0,0.0,3.0
ENSG00000141682,0.16709830746623766,134.3914551296319,0.0,0.0,15.0
ENSG00000101441,0.060677796414051875,134.17482554864603,0.0,0.0,31.0
ENSG00000166823,0.15455593647750202,134.08375591720247,0.0,0.0,7.0
ENSG00000174502,0.18046488809810426,133.94331550272588,0.0,0.0,15.0
ENSG00000112149,0.14046109744033713,133.45285093567725,0.0,0.0,7.0
ENSG00000154856,0.18978714515384817,133.42578659362673,0.0,0.0,30.0
ENSG00000225783,0.14147071860723065,133.26984646303228,0.0,0.0,6.0
ENSG00000000971,0.19628787229717554,133.24429894403818,0.0,0.0,-1.0
ENSG00000106565,0.41238971779804273,133.12986189642595,0.0,0.0,16.0
ENSG00000152377,0.13103797651446025,132.89105277774394,0.0,0.0,6.0
ENSG00000126368,0.13738611761344977,132.4980827636006,0.0,0.0,17.0
ENSG00000101187,0.1525155141582691,132.41785762065183,0.0,0.0,11.0
ENSG00000044459,0.15247840479711178,132.12865744199806,0.0,0.0,5.0
ENSG00000124785,0.17231615457690885,132.0265100631817,0.0,0.0,32.0
ENSG00000143507,0.17131301037708255,131.6449610777317,0.0,0.0,17.0
ENSG00000156970,0.20300721355919715,131.59799060606687,0.0,0.0,3.0
ENSG00000137193,0.17790725675745875,131.48082620895318,0.0,0.0,17.0
ENSG00000166278,0.39986460861490486,131.466221519066,0.0,0.0,18.0
ENSG00000106541,0.45280587668759176,131.23866410760303,0.0,0.0,-1.0
ENSG00000164292,0.1982826197183491,131.11604949879057,0.0,0.0,10.0
ENSG00000105792,0.15199208507792994,130.45127454416104,0.0,0.0,2.0
ENSG00000137563,0.10863589794481228,130.03364081292827,0.0,0.0,31.0
ENSG00000144824,0.14129447438405393,129.9218771693952,0.0,0.0,4.0
ENSG00000224259,0.14910232055577893,129.67748243259234,0.0,0.0,6.0
ENSG00000186377,0.13983329373104528,129.58469446211754,0.0,0.0,15.0
ENSG00000184613,0.197455905920005,129.14913188356525,0.0,0.0,2.0
ENSG00000142156,0.18816639800798626,129.1121604419478,0.0,0.0,23.0
ENSG00000166592,0.16355299069674614,129.01390485569024,0.0,0.0,15.0
ENSG00000175315,0.2904168275628407,129.0101927763607,0.0,0.0,17.0
ENSG00000198517,0.16595771948775281,128.68861754571037,0.0,0.0,17.0
ENSG00000055732,0.1426596391638088,128.58852941893758,0.0,0.0,10.0
ENSG00000198873,0.13801488980274276,128.36594394495953,0.0,0.0,4.0
ENSG00000079308,0.17470220887666163,128.15255797914173,0.0,0.0,4.0
ENSG00000112562,0.10774080065831998,127.95890754878101,0.0,0.0,19.0
ENSG00000159399,0.14144776811135712,127.92211826684644,0.0,0.0,28.0
ENSG00000116701,0.1383694258502412,127.81182978219769,0.0,0.0,4.0
ENSG00000127954,0.2528456367896696,127.77947563687933,0.0,0.0,7.0
ENSG00000157890,0.11026303583906776,127.59665653457273,0.0,0.0,7.0
ENSG00000075213,0.17118721283550406,127.56056363677739,0.0,0.0,28.0
ENSG00000115386,0.08371536952106245,127.1752962908222,0.0,0.0,11.0
ENSG00000166123,0.17261229984066873,127.126961511323,0.0,0.0,19.0
ENSG00000149089,0.1395744087633003,126.97543101427497,0.0,0.0,5.0
ENSG00000165695,0.14431645606813062,126.79831127698336,0.0,0.0,2.0
ENSG00000285077,0.17839253635058736,126.73090533505548,0.0,0.0,3.0
ENSG00000160255,0.17765480691253707,126.69415452501835,0.0,0.0,23.0
ENSG00000101347,0.15816649092083188,126.21944008128123,0.0,0.0,5.0
ENSG00000104447,0.15311727196815172,126.0509846415799,0.0,0.0,15.0
ENSG00000125851,0.6156255909626257,125.87036524886838,0.0,0.0,16.0
ENSG00000175197,0.16529281648910288,125.7251420514019,0.0,0.0,5.0
ENSG00000181378,0.14450639393216888,125.61967772859438,0.0,0.0,2.0
ENSG00000124935,0.06389466171031967,125.27333772165346,0.0,0.0,27.0
ENSG00000093009,0.18886094881326082,125.19493596076917,0.0,0.0,8.0
ENSG00000130208,0.13876788067801255,124.86297295772226,0.0,0.0,10.0
ENSG00000122133,0.10125934873608378,124.86272957833744,0.0,0.0,14.0
ENSG00000164932,0.16820214100586722,124.8088641280737,0.0,0.0,14.0
ENSG00000101210,0.19767067982537026,124.77019563927549,0.0,0.0,23.0
ENSG00000204252,0.1421502926217888,124.49424581770184,0.0,0.0,12.0
ENSG00000182871,0.1989367665900785,124.45439589736003,0.0,0.0,23.0
ENSG00000006210,0.16572268477180319,124.2640802424425,0.0,0.0,23.0
ENSG00000203791,0.16897577237773476,124.22727003274417,0.0,0.0,10.0
ENSG00000086062,0.12989997365475622,124.09813407969246,0.0,0.0,6.0
ENSG00000002933,0.3910636116846781,123.43324163328877,0.0,0.0,16.0
ENSG00000179222,0.19156950314746948,123.13359226861922,0.0,0.0,15.0
ENSG00000198203,0.13479886888756382,122.72027783445826,0.0,0.0,7.0
ENSG00000136997,0.1816328582983643,122.50171488168877,0.0,0.0,5.0
ENSG00000102738,0.15676601334572968,122.36995535187603,0.0,0.0,2.0
ENSG00000152527,0.13441916673500282,122.31021202253359,0.0,0.0,4.0
ENSG00000260027,0.145751324301472,121.21018021934871,0.0,0.0,29.0
ENSG00000106278,0.1363099073199144,121.19960585104488,0.0,0.0,28.0
ENSG00000154175,0.09171389610367461,121.07959913635973,0.0,0.0,4.0
ENSG00000114204,0.10149635725468703,120.97585975215478,0.0,0.0,2.0
ENSG00000111879,0.18823032477864002,120.84079599111745,0.0,0.0,7.0
ENSG00000149257,0.17886452470475608,120.4558645673572,0.0,0.0,15.0
ENSG00000204642,0.17093887679652536,120.43357427905227,0.0,0.0,24.0
ENSG00000095739,0.13086223050311319,120.40114606735152,0.0,0.0,27.0
ENSG00000177398,0.1425603417415229,120.26450773230111,0.0,0.0,31.0
ENSG00000110203,0.17277090613429408,120.24689227530365,0.0,0.0,20.0
ENSG00000156284,0.1438114942524284,120.09022128178869,0.0,0.0,25.0
ENSG00000171105,0.131343631732518,120.07631416089036,0.0,0.0,15.0
ENSG00000230368,0.09576356034495984,120.0260000653668,0.0,0.0,26.0
ENSG00000213626,0.15331730084444115,119.86785654254744,0.0,0.0,4.0
ENSG00000228716,0.21006186166988144,119.65188111377935,0.0,0.0,8.0
ENSG00000172201,0.18339708096555382,119.43789356542274,0.0,0.0,10.0
ENSG00000103888,0.10847654769989504,119.21254109075751,0.0,0.0,14.0
ENSG00000185559,0.10218464919926383,119.10247991919697,0.0,0.0,26.0
ENSG00000182621,0.11980884113385615,118.98219320702468,0.0,0.0,5.0
ENSG00000108691,0.08028018330949784,118.91396023932273,0.0,0.0,32.0
ENSG00000100234,0.2246453135860876,118.5057101925532,0.0,0.0,4.0
ENSG00000135925,0.1585249936502843,118.4023548509881,0.0,0.0,20.0
ENSG00000268104,0.17413170279250828,118.32525174001832,0.0,0.0,15.0
ENSG00000164647,0.2539140197440561,118.29851309688375,0.0,0.0,30.0
ENSG00000122870,0.15546403724320249,118.20508597457645,0.0,0.0,4.0
ENSG00000069399,0.1370920266485476,118.14196567217682,0.0,0.0,14.0
ENSG00000135245,0.1327488324539944,118.12584168014646,0.0,0.0,28.0
ENSG00000166670,0.10645214341086924,118.12119649150208,0.0,0.0,28.0
ENSG00000099194,0.21959420135665864,118.07090969081862,0.0,0.0,7.0
ENSG00000075223,0.2016750254540284,118.02567215557178,0.0,0.0,23.0
ENSG00000137868,0.15176287340103095,117.81707352484469,0.0,0.0,30.0
ENSG00000137941,0.1723567490850648,117.81214148558111,0.0,0.0,2.0
ENSG00000132031,0.11206559473210334,117.78359879641346,0.0,0.0,4.0
ENSG00000137801,0.1667992142551406,117.71623156878299,0.0,0.0,15.0
ENSG00000070087,0.2124419774871013,117.59370920599174,0.0,0.0,22.0
ENSG00000049323,0.15216990464374933,117.51673879319715,0.0,0.0,32.0
ENSG00000167641,0.2848007579746772,117.2568479978716,0.0,0.0,10.0
ENSG00000153132,0.22660279358975424,117.25651449423998,0.0,0.0,5.0
ENSG00000173221,0.18897057685888463,117.19773205910477,0.0,0.0,11.0
ENSG00000095596,0.05497902668913002,117.10068818236006,0.0,0.0,35.0
ENSG00000113532,0.14708375318303418,117.01805147303871,0.0,0.0,30.0
ENSG00000087128,0.17005287335608638,116.95554138272868,0.0,0.0,23.0
ENSG00000117122,0.17442567769377812,116.93196677640766,0.0,0.0,20.0
ENSG00000164266,0.3958929855750073,116.78304507526472,0.0,0.0,16.0
ENSG00000188095,0.09676808176958283,116.65874006524945,0.0,0.0,7.0
ENSG00000129116,0.19029653018343257,116.54024885518733,0.0,0.0,17.0
ENSG00000197696,0.1020999361673887,116.50889838518037,0.0,0.0,25.0
ENSG00000172183,0.14943606442424648,116.30969958021774,0.0,0.0,24.0
ENSG00000113083,0.124891393461717,116.23999299241406,0.0,0.0,23.0
ENSG00000134202,0.12373615070107302,115.9901193464535,0.0,0.0,10.0
ENSG00000008838,0.11294353104130733,115.84037218385991,0.0,0.0,28.0
ENSG00000244067,0.05107720476742487,115.83838931482784,0.0,0.0,2.0
ENSG00000155093,0.13446922373260106,115.5248314999144,0.0,0.0,2.0
ENSG00000070081,0.5398738815141246,115.41199451567476,0.0,0.0,16.0
ENSG00000128052,0.18586562454673333,115.39399152907151,0.0,0.0,14.0
ENSG00000099260,0.17381205950561696,115.34521693838255,0.0,0.0,2.0
ENSG00000185479,0.33123351556649544,115.33145885560678,0.0,0.0,6.0
ENSG00000166173,0.13475023178116613,115.2508607431644,0.0,0.0,28.0
ENSG00000178381,0.1477230521724168,115.18661502999569,0.0,0.0,30.0
ENSG00000127249,0.18658751199232856,115.16042327066967,0.0,0.0,7.0
ENSG00000081052,0.19500662346378708,115.13375268894607,0.0,0.0,4.0
ENSG00000102996,0.13529024018462485,114.94398515484257,0.0,0.0,26.0
ENSG00000171236,0.14692920803941564,114.51109627881665,0.0,0.0,12.0
ENSG00000124920,0.13319746598729393,114.49296727625831,0.0,0.0,4.0
ENSG00000124659,0.1382521594105626,114.11202970994663,0.0,0.0,5.0
ENSG00000064651,0.14166012136353107,114.0778013376814,0.0,0.0,23.0
ENSG00000175505,0.15287769481522856,114.02817688200881,0.0,0.0,17.0
ENSG00000124635,0.13791932402664506,113.6997131206893,0.0,0.0,8.0
ENSG00000003989,0.2527910804498225,113.49303728926017,0.0,0.0,16.0
ENSG00000173930,0.17222119917340242,113.45963681132744,0.0,0.0,18.0
ENSG00000112699,0.12832679755527604,113.41875493862547,0.0,0.0,11.0
ENSG00000275385,0.12023280179757885,113.21298707547865,0.0,0.0,33.0
ENSG00000125257,0.22566246140770246,113.15446319451333,0.0,0.0,18.0
ENSG00000159403,0.22435411866418173,112.94649604669753,0.0,0.0,16.0
ENSG00000165195,0.18009333517495674,112.84750156023644,0.0,0.0,15.0
ENSG00000167191,0.11350287394778169,112.61463756203331,0.0,0.0,5.0
ENSG00000137309,0.3766401359316288,112.4889326540013,0.0,0.0,8.0
ENSG00000198576,0.08800248913085504,112.4679613941102,0.0,0.0,7.0
ENSG00000144218,0.25146780173100475,111.98285282372481,0.0,0.0,18.0
ENSG00000143226,0.1478711945329538,111.95551245451806,0.0,0.0,7.0
ENSG00000131910,0.08837693515173672,111.87110763208435,0.0,0.0,7.0
ENSG00000119630,0.10097710055480145,111.78939141663083,0.0,0.0,13.0
ENSG00000177359,0.07789032973193659,111.69713702769607,0.0,0.0,24.0
ENSG00000184697,0.198911778541177,111.29670268610559,0.0,0.0,10.0
ENSG00000126778,0.12471856523534684,110.96669889394279,0.0,0.0,28.0
ENSG00000196542,0.12819481788841033,110.8653767220767,0.0,0.0,10.0
ENSG00000088836,0.1645121781344232,110.7698551654533,0.0,0.0,30.0
ENSG00000112773,0.2184592033714402,110.71473645692087,0.0,0.0,16.0
ENSG00000185290,0.13564942475989064,110.07330087292505,0.0,0.0,10.0
ENSG00000134339,0.20846792179332962,109.9317953126503,0.0,0.0,35.0
ENSG00000231527,0.09557085365625861,109.8564434525213,0.0,0.0,7.0
ENSG00000124391,0.1886136603598084,109.79961977508067,0.0,0.0,25.0
ENSG00000004799,0.17017474376851707,109.522516737116,0.0,0.0,2.0
ENSG00000198947,0.12730584811615234,109.48170636241548,0.0,0.0,2.0
ENSG00000275395,0.14171530134132637,109.24870391224536,0.0,0.0,32.0
ENSG00000125148,0.32453938133055943,109.15807178883142,0.0,0.0,28.0
ENSG00000160298,0.15519503049862887,109.13611259672267,0.0,0.0,8.0
ENSG00000139926,0.13690825915419472,108.96636379268003,0.0,0.0,13.0
ENSG00000187479,0.3160014590840861,108.4274337996157,0.0,0.0,7.0
ENSG00000197635,0.2269275320685141,108.38830356656312,0.0,0.0,7.0
ENSG00000164161,0.296252549762288,108.16125645870383,0.0,0.0,7.0
ENSG00000122861,0.21444977338888904,108.04288446313302,0.0,0.0,17.0
ENSG00000139144,0.1519372035602108,107.5637695424137,0.0,0.0,20.0
ENSG00000188483,0.14131736669243297,107.53639861836885,0.0,0.0,23.0
ENSG00000248323,0.11799184695219797,107.44168232809115,0.0,0.0,14.0
ENSG00000109193,0.046170367980405844,107.1239335249912,0.0,0.0,5.0
ENSG00000131050,0.109266028031891,106.75974016228294,0.0,0.0,28.0
ENSG00000162817,0.1246579025775659,106.75729514641333,0.0,0.0,19.0
ENSG00000100290,0.1529174290131578,106.73550464762725,0.0,0.0,13.0
ENSG00000213347,0.16924425017404865,106.60665650177029,0.0,0.0,3.0
ENSG00000277893,0.13638003162373627,106.60411079680085,0.0,0.0,2.0
ENSG00000057657,0.13947284874729038,106.55866803528711,0.0,0.0,13.0
ENSG00000108924,0.15342509666905013,106.50274848252735,0.0,0.0,12.0
ENSG00000171227,0.12813703533971668,106.44869073583703,0.0,0.0,7.0
ENSG00000090661,0.124940466906092,106.41837868613491,0.0,0.0,15.0
ENSG00000183814,0.10721467487757588,106.14409099391658,0.0,0.0,8.0
ENSG00000184260,0.25416708703492513,106.0977745320335,0.0,0.0,16.0
ENSG00000169439,0.14233287615247167,105.89971522658621,0.0,0.0,26.0
ENSG00000183346,0.09776470128548098,105.78953601485298,0.0,0.0,2.0
ENSG00000170381,0.12122991119407402,105.64248362205142,0.0,0.0,19.0
ENSG00000111058,0.06861897563267601,105.5587680642238,0.0,0.0,5.0
ENSG00000139055,0.12285416217648903,105.38867947627105,0.0,0.0,15.0
ENSG00000196118,0.12097430218349259,105.37224112792508,0.0,0.0,2.0
ENSG00000125170,0.1127381296626008,105.00970120550375,0.0,0.0,7.0
ENSG00000138061,0.21806781859562432,104.88443086246123,0.0,0.0,33.0
ENSG00000181634,0.18194932260580193,104.7670267715837,0.0,0.0,15.0
ENSG00000188316,0.09984823462578807,104.66631392331334,0.0,0.0,2.0
ENSG00000156076,0.3874364879573108,104.6072310199255,0.0,0.0,16.0
ENSG00000266964,0.12141465231083401,104.58180328403654,0.0,0.0,27.0
ENSG00000152457,0.11971907413893144,104.48873112322443,0.0,0.0,5.0
ENSG00000166405,0.13329122698527582,104.47578974845742,0.0,0.0,7.0
ENSG00000168386,0.11151184988406375,104.38158314411554,0.0,0.0,5.0
ENSG00000178573,0.12505216038673297,104.3763980948056,0.0,0.0,6.0
ENSG00000117425,0.1864969414791482,104.22384449658506,0.0,0.0,16.0
ENSG00000135549,0.14598914165492888,104.04984365889399,0.0,0.0,20.0
ENSG00000125772,0.15345308143667286,104.04188738797666,0.0,0.0,23.0
ENSG00000211677,0.11906099515973927,103.87772487463495,0.0,0.0,25.0
ENSG00000130294,0.2676322923895688,103.78076947500001,0.0,0.0,5.0
ENSG00000144136,0.20247786874967352,103.75265144668327,0.0,0.0,15.0
ENSG00000166292,0.11171836242275929,103.59077794591411,0.0,0.0,32.0
ENSG00000183734,0.15793376951711766,103.58170353288192,0.0,0.0,5.0
ENSG00000163923,0.19784699953789647,103.4560421391222,0.0,0.0,8.0
ENSG00000139629,0.17154520967067302,103.27538533927284,0.0,0.0,28.0
ENSG00000204764,0.1300696952788213,103.25108363938588,0.0,0.0,4.0
ENSG00000170873,0.12196492626755034,102.92860636532103,0.0,0.0,26.0
ENSG00000161642,0.14007426852446134,102.65593314356443,0.0,0.0,13.0
ENSG00000118785,0.14171738722733862,101.98936688825039,0.0,0.0,32.0
ENSG00000197408,0.13689145570085187,101.93424213056885,0.0,0.0,4.0
ENSG00000143013,0.3038699475575774,101.77230595057895,0.0,0.0,16.0
ENSG00000183979,0.11056414068654222,101.74941563644555,0.0,0.0,22.0
ENSG00000244405,0.13643951442845226,101.32353171621016,0.0,0.0,12.0
ENSG00000144810,0.13280044884553657,101.02530719198703,0.0,0.0,26.0
ENSG00000128383,0.14989749791877977,100.54286628519732,0.0,0.0,25.0
ENSG00000123104,0.15664221863064604,100.01177395389001,0.0,0.0,18.0
ENSG00000179083,0.10987797784790704,99.89846037369085,0.0,0.0,20.0
ENSG00000009765,0.15723916663948345,99.74935783577479,0.0,0.0,19.0
ENSG00000182175,0.13458897866646993,99.46953581799742,0.0,0.0,10.0
ENSG00000157227,0.13500477536449135,99.37652544034201,0.0,0.0,28.0
ENSG00000152785,0.1520513995536993,99.28463542029853,0.0,0.0,7.0
ENSG00000127528,0.23252039185357948,99.09119776233733,0.0,0.0,15.0
ENSG00000157734,0.08179645057063704,98.70249842544308,0.0,0.0,4.0
ENSG00000150722,0.09691518322284176,98.56897763437797,0.0,0.0,7.0
ENSG00000172551,0.040364661501386276,98.40340295320966,0.0,0.0,5.0
ENSG00000151025,0.09885926406004916,98.22102107779276,0.0,0.0,5.0
ENSG00000127990,0.13876606984704815,98.19397263309266,0.0,0.0,28.0
ENSG00000109846,0.11819974089808777,98.18313423323102,0.0,0.0,4.0
ENSG00000172824,0.11466021128065647,98.13210515951029,0.0,0.0,19.0
ENSG00000106123,0.12980863275658142,98.10339708524151,0.0,0.0,6.0
ENSG00000171564,0.15382711682624808,98.07484427249636,0.0,0.0,31.0
ENSG00000169715,0.19869095785674495,97.91066643814861,0.0,0.0,28.0
ENSG00000026025,0.3193391589979185,97.68576117141852,0.0,0.0,23.0
ENSG00000175265,0.12593811484661632,97.41702229672279,0.0,0.0,4.0
ENSG00000135218,0.16206439766190472,97.20663720804595,0.0,0.0,7.0
ENSG00000164488,0.10212595327007284,97.08709096932824,0.0,0.0,19.0
ENSG00000137948,0.08802963888281364,96.83325562546274,0.0,0.0,26.0
ENSG00000088002,0.1637876851916899,96.71243319115561,0.0,0.0,13.0
ENSG00000173432,0.21211322592884332,96.63369751294458,0.0,0.0,35.0
ENSG00000106804,0.285083574373999,96.49042335612515,0.0,0.0,16.0
ENSG00000145284,0.1282478445299849,96.39508031588845,0.0,0.0,4.0
ENSG00000140092,0.10567159789714416,96.32791068139015,0.0,0.0,4.0
ENSG00000165449,0.19173863481699893,95.89097713227412,0.0,0.0,25.0
ENSG00000116741,0.09816669311290815,95.70290173191417,0.0,0.0,30.0
ENSG00000235034,0.11550419037081375,95.68492872152012,0.0,0.0,7.0
ENSG00000136928,0.11180412235284674,95.09962611509049,0.0,0.0,28.0
ENSG00000103460,0.15721929583891542,95.07675392867998,0.0,0.0,7.0
ENSG00000166562,0.4424493629382482,94.98453010335149,0.0,0.0,16.0
ENSG00000165996,0.11853130546283869,94.93195168782988,0.0,0.0,19.0
ENSG00000159200,0.08581174475218543,94.91377809456871,0.0,0.0,7.0
ENSG00000078018,0.15724358239554015,94.87296159500438,0.0,0.0,4.0
ENSG00000121895,0.11313167746408817,94.54838463901994,0.0,0.0,28.0
ENSG00000159231,0.1475149494048825,94.50664328382098,0.0,0.0,22.0
ENSG00000172927,0.18856990997184914,94.100188908157,0.0,0.0,28.0
ENSG00000204544,0.34855894791762077,94.00037869608349,0.0,0.0,34.0
ENSG00000197043,0.14063488386456818,93.68530136911325,0.0,0.0,5.0
ENSG00000175040,0.1025116985903123,93.64213310301474,0.0,0.0,7.0
ENSG00000177045,0.1849007211298556,93.1075582114906,0.0,0.0,16.0
ENSG00000168447,0.1501512653384114,92.97994626814189,0.0,0.0,4.0
ENSG00000137449,0.11245092821258072,92.54467503412604,0.0,0.0,15.0
ENSG00000146038,0.09813063556935203,92.53982711920766,0.0,0.0,2.0
ENSG00000087076,0.09690514727718887,92.13032735141043,0.0,0.0,22.0
ENSG00000116678,0.12746285274686336,92.06354759950904,0.0,0.0,19.0
ENSG00000184113,0.056154668467645885,92.04701155691804,0.0,0.0,19.0
ENSG00000155380,0.12422118546314485,91.96503871772774,0.0,0.0,10.0
ENSG00000261824,0.11640406048370588,91.94111205786949,0.0,0.0,10.0
ENSG00000157005,0.11683301544939063,91.87882607119393,0.0,0.0,31.0
ENSG00000125378,0.11614406501929427,91.60502875311698,0.0,0.0,19.0
ENSG00000187957,0.10446168267302267,91.52668434192611,0.0,0.0,28.0
ENSG00000198003,0.09456223740256879,91.49737172321568,0.0,0.0,2.0
ENSG00000121769,0.10465400390147463,91.3848937507928,0.0,0.0,26.0
ENSG00000156689,0.09703355730143202,91.28184769057016,0.0,0.0,5.0
ENSG00000115129,0.1066883051387158,90.79453436410078,0.0,0.0,22.0
ENSG00000154589,0.13131337578434926,90.43048251829269,0.0,0.0,19.0
ENSG00000183607,0.36937702677821194,90.34400901802984,0.0,0.0,16.0
ENSG00000087842,0.20753586235837057,90.29247647320229,0.0,0.0,16.0
ENSG00000176014,0.15442754792243543,90.25818661300818,0.0,0.0,4.0
ENSG00000126890,0.059406245904978484,89.82782711556348,0.0,0.0,31.0
ENSG00000183032,0.12092457065824407,89.79169462601686,0.0,0.0,31.0
ENSG00000135063,0.1516570343168982,89.77515499847762,0.0,0.0,4.0
ENSG00000139832,0.11986803834911582,89.63452379767416,0.0,0.0,7.0
ENSG00000168907,0.10546490652530721,89.39726774723145,0.0,0.0,12.0
ENSG00000151012,0.1844853680064028,88.93895286317039,0.0,0.0,16.0
ENSG00000156298,0.1696319564786629,88.41637452946182,0.0,0.0,22.0
ENSG00000141574,0.11899857587648442,88.39212157612383,0.0,0.0,23.0
ENSG00000173110,0.1050770374863698,88.16421360392485,0.0,0.0,15.0
ENSG00000176273,0.11441566768875959,88.08860558279598,0.0,0.0,21.0
ENSG00000112208,0.13211330806447075,87.9825920558079,0.0,0.0,22.0
ENSG00000229314,0.3437194736292396,87.95480261043907,0.0,0.0,16.0
ENSG00000211445,0.23177956992832077,87.9175977973255,0.0,0.0,15.0
ENSG00000135604,0.09206662529428995,87.57003638024926,0.0,0.0,4.0
ENSG00000168874,0.19077143858780338,87.56528924804793,0.0,0.0,16.0
ENSG00000160862,0.35977503393115745,87.53191630305062,0.0,0.0,34.0
ENSG00000145632,0.09202048504217687,87.39039661291237,0.0,0.0,15.0
ENSG00000169862,0.07496456223054562,87.05214818119795,0.0,0.0,31.0
ENSG00000197172,0.11832719909681984,86.74621352583534,0.0,0.0,10.0
ENSG00000080293,0.2377177340498193,86.63657564325669,0.0,0.0,18.0
ENSG00000108176,0.31698231225729084,86.58043158924461,0.0,0.0,16.0
ENSG00000213462,0.13319340980161196,86.45283652629665,0.0,0.0,16.0
ENSG00000129991,0.10297155799244302,86.00784473157766,0.0,0.0,22.0
ENSG00000119917,0.1332928968158672,86.001305093655,0.0,0.0,24.0
ENSG00000139278,0.14431087519212146,85.7642734282107,0.0,0.0,6.0
ENSG00000115602,0.048596884208693986,85.72662607349568,0.0,0.0,28.0
ENSG00000134216,0.1882786668356719,85.6973973400002,0.0,0.0,18.0
ENSG00000124253,0.034508779605669816,85.61857768639629,0.0,0.0,11.0
ENSG00000175445,0.19048782700158273,85.59385343862837,0.0,0.0,5.0
ENSG00000168679,0.11576463304168091,85.45386075418035,0.0,0.0,26.0
ENSG00000100097,0.2830699598240247,85.19627635123638,0.0,0.0,28.0
ENSG00000198681,0.04906414026752469,85.07127853903555,0.0,0.0,22.0
ENSG00000011347,0.15614204596500555,85.04431489436473,0.0,0.0,19.0
ENSG00000129757,0.11869891559481413,84.94658962244908,0.0,0.0,19.0
ENSG00000118503,0.16089609891837758,84.66129179569081,0.0,0.0,15.0
ENSG00000185338,0.0982138198093714,84.59423104076772,0.0,0.0,15.0
ENSG00000129451,0.1427099491907027,84.55788887758101,0.0,0.0,11.0
ENSG00000155962,0.11940010840509414,84.55098671319226,0.0,0.0,7.0
ENSG00000152952,0.14947683377499685,84.41287672965285,0.0,0.0,11.0
ENSG00000170558,0.102303890141483,84.37040847924501,0.0,0.0,6.0
ENSG00000146013,0.15309472180333514,84.17902341074159,0.0,0.0,16.0
ENSG00000125571,0.11165275194547834,84.14035522467934,0.0,0.0,-1.0
ENSG00000135114,0.057951016117714534,83.74077983843694,0.0,0.0,24.0
ENSG00000184905,0.05548577636194455,83.48314998675242,0.0,0.0,7.0
ENSG00000132530,0.12367611558705559,83.36705853786523,0.0,0.0,24.0
ENSG00000007062,0.1325831470244082,83.35322648238756,0.0,0.0,34.0
ENSG00000127831,0.07446019276942686,83.33685009901434,0.0,0.0,29.0
ENSG00000123689,0.07918414197059448,83.19660107381108,0.0,0.0,23.0
ENSG00000162614,0.11659068367519766,82.97152549599635,0.0,0.0,4.0
ENSG00000145451,0.07150963070156827,82.83781340342757,0.0,0.0,19.0
ENSG00000204335,0.08915615338024749,82.42968133234383,0.0,0.0,29.0
ENSG00000164764,0.08431373878248118,82.2958838329107,0.0,0.0,4.0
ENSG00000077684,0.14219174724141243,82.26546995945456,0.0,0.0,16.0
ENSG00000225873,0.0426748966595529,81.9517853345881,0.0,0.0,7.0
ENSG00000153404,0.10901974941530271,81.86445414887623,0.0,0.0,10.0
ENSG00000080546,0.09631643932191175,81.75548677124384,0.0,0.0,2.0
ENSG00000160678,0.05848280783000625,81.54599831375401,0.0,0.0,26.0
ENSG00000086619,0.37714282075101957,81.47918421339168,0.0,0.0,16.0
ENSG00000183844,0.2726327172806636,80.85945016290596,0.0,0.0,16.0
ENSG00000160221,0.08518838853167855,80.8381322121383,0.0,0.0,7.0
ENSG00000049089,0.08921571188618546,80.7679361383215,0.0,0.0,26.0
ENSG00000197061,0.2768888718196233,80.66054527471188,0.0,0.0,24.0
ENSG00000118971,0.11091285239676359,80.66039685717082,0.0,0.0,15.0
ENSG00000135643,0.11498819981775889,80.53627649236147,0.0,0.0,14.0
ENSG00000112175,0.09726181451412284,80.43256406938725,0.0,0.0,28.0
ENSG00000091583,0.12001289769357656,80.29021775321552,0.0,0.0,7.0
ENSG00000110680,0.06759969596573465,80.14032132306096,0.0,0.0,31.0
ENSG00000166669,0.09728671819128501,80.03115579006338,0.0,0.0,15.0
ENSG00000197766,0.0963000653956098,80.02711877997754,0.0,0.0,27.0
ENSG00000108448,0.11476310562450283,79.80108426538752,0.0,0.0,22.0
ENSG00000114737,0.15159038308253434,79.77403115948185,0.0,0.0,7.0
ENSG00000181315,0.13452257695286843,79.6576087250943,0.0,0.0,32.0
ENSG00000134115,0.13560007281789685,79.42936027118958,0.0,0.0,4.0
ENSG00000215808,0.0833551246616285,79.27089362974256,0.0,0.0,5.0
ENSG00000138135,0.12561957351603423,79.22426796276457,0.0,0.0,30.0
ENSG00000152049,0.26948061722926475,79.19224449139966,0.0,0.0,16.0
ENSG00000121410,0.13408233138019507,79.02428746786237,0.0,0.0,33.0
ENSG00000165973,0.19761134097243754,78.98377247164662,0.0,0.0,16.0
ENSG00000153283,0.06566377822814336,78.58302883842501,0.0,0.0,21.0
ENSG00000173281,0.10188094757899593,78.3492162480594,0.0,0.0,15.0
ENSG00000106070,0.10430469376738709,78.31184509776595,0.0,0.0,23.0
ENSG00000023902,0.08740572113958502,78.12526108647546,0.0,0.0,5.0
ENSG00000139910,0.20746407718046536,78.06606594809945,0.0,0.0,27.0
ENSG00000131378,0.17965920031501995,78.0345599073361,0.0,0.0,16.0
ENSG00000177409,0.11950827607223637,77.53340008775767,0.0,0.0,24.0
ENSG00000012822,0.10419100775704482,77.50853237019652,0.0,0.0,4.0
ENSG00000022267,0.06874919771867664,77.45650550406869,0.0,0.0,4.0
ENSG00000146918,0.1144995038264198,77.43370076151636,0.0,0.0,8.0
ENSG00000119922,0.0821659782811657,77.42974729652987,0.0,0.0,24.0
ENSG00000019186,0.13722430229981214,77.40169039048862,0.0,0.0,16.0
ENSG00000081181,0.13496146832797082,77.35179065994846,0.0,0.0,15.0
ENSG00000132386,0.3967799841907732,77.34004050981571,0.0,0.0,16.0
ENSG00000114455,0.18674582089766764,77.15100238852953,0.0,0.0,34.0
ENSG00000154734,0.07656432223035782,77.11386830655859,0.0,0.0,21.0
ENSG00000184500,0.09184712039816699,77.06691637340604,0.0,0.0,4.0
ENSG00000182378,0.09432619176307747,76.95047015335933,0.0,0.0,7.0
ENSG00000136286,0.11989456212932711,76.83217366319289,0.0,0.0,23.0
ENSG00000108602,0.18289075653945638,76.7286027676902,0.0,0.0,16.0
ENSG00000135625,0.06295665613186978,76.5567729809878,0.0,0.0,15.0
ENSG00000178826,0.08635732386879262,76.34172135074371,0.0,0.0,20.0
ENSG00000213401,0.10695737760800174,76.33745471563776,0.0,0.0,10.0
ENSG00000102010,0.07082091306565556,76.29498640994855,0.0,0.0,26.0
ENSG00000173227,0.1920698105405274,76.28408923969604,0.0,0.0,34.0
ENSG00000078401,0.14095883752398478,76.21341891529332,0.0,0.0,17.0
ENSG00000075461,0.1129398730667578,75.91002221170159,0.0,0.0,34.0
ENSG00000107984,0.07672171370547679,75.81283258820912,0.0,0.0,25.0
ENSG00000156804,0.1458530574998503,75.79751923291217,0.0,0.0,17.0
ENSG00000135315,0.09469565801334935,75.57018961164853,0.0,0.0,2.0
ENSG00000232629,0.09182421032699968,75.52764182504812,0.0,0.0,28.0
ENSG00000100292,0.08329699961848949,75.3865391558915,0.0,0.0,15.0
ENSG00000162706,0.07180596032748231,75.35995871790712,0.0,0.0,5.0
ENSG00000169136,0.4702971412351244,75.35562286347393,0.0,0.0,16.0
ENSG00000054938,0.40159970880799867,75.31915113002732,0.0,0.0,16.0
ENSG00000186847,0.24121072805315077,75.26546211153045,0.0,0.0,13.0
ENSG00000228278,0.4371936268454829,74.98050753255423,0.0,0.0,16.0
ENSG00000170516,0.05973082456883298,74.9726355808515,0.0,0.0,20.0
ENSG00000172889,0.37374471150836086,74.95767980578997,0.0,0.0,16.0
ENSG00000196549,0.08174998661805193,74.79192050164333,0.0,0.0,5.0
ENSG00000154102,0.10065345264445079,74.73188309291358,0.0,0.0,6.0
ENSG00000130643,0.057811221015066375,74.68103452724995,0.0,0.0,31.0
ENSG00000180914,0.09007539996991622,74.67963955297824,0.0,0.0,2.0
ENSG00000148344,0.12664839967077865,74.46698357405366,0.0,0.0,23.0
ENSG00000165078,0.06351814135912344,74.35070534474565,0.0,0.0,26.0
ENSG00000152284,0.10527941351391941,74.15560305544376,0.0,0.0,15.0
ENSG00000152455,0.09533985606306299,73.84388895081142,0.0,0.0,8.0
ENSG00000137124,0.1096348696656629,73.67948559406668,0.0,0.0,20.0
ENSG00000137825,0.10348201227116265,73.65665388491541,0.0,0.0,14.0
ENSG00000163216,0.09720782434250017,73.24909094452092,0.0,0.0,-1.0
ENSG00000170369,0.05725970079080417,72.92765933600234,0.0,0.0,31.0
ENSG00000184489,0.1043441101597473,72.85002267704253,0.0,0.0,-1.0
ENSG00000148735,0.09803740170171407,72.75946164217076,0.0,0.0,2.0
ENSG00000043591,0.11999124215751547,72.66865702875164,0.0,0.0,10.0
ENSG00000137745,0.06641630343351401,71.733163914881,0.0,0.0,32.0
ENSG00000110944,0.07605359745224907,71.69401216113137,0.0,0.0,11.0
ENSG00000111701,0.07422579576189962,71.63530520263801,0.0,0.0,11.0
ENSG00000064886,0.3359601174198765,71.46097249292183,0.0,0.0,16.0
ENSG00000143443,0.058904185109936336,71.1914586591785,0.0,0.0,31.0
ENSG00000158286,0.08766376520776203,71.09987525667002,0.0,0.0,23.0
ENSG00000221926,0.10607949543740103,70.75671419613069,0.0,0.0,22.0
ENSG00000162616,0.1163180886132804,70.70400047494037,0.0,0.0,15.0
ENSG00000135744,0.08830315023240037,70.6071118430362,0.0,0.0,31.0
ENSG00000135917,0.06323897318515481,70.55149456602538,0.0,0.0,27.0
ENSG00000104549,0.11887610959551617,70.39148664219296,0.0,0.0,15.0
ENSG00000143369,0.16839954751672773,70.28282591493792,0.0,0.0,28.0
ENSG00000111424,0.09835075521919516,70.17751708802435,0.0,0.0,19.0
ENSG00000077942,0.1042999226924267,70.07575477253425,0.0,0.0,23.0
ENSG00000183765,0.09136098297556261,69.96495580819682,0.0,0.0,8.0
ENSG00000091513,0.08695122414406983,69.94455260412677,0.0,0.0,35.0
ENSG00000077984,0.06828256830959502,69.69785471743427,0.0,0.0,31.0
ENSG00000121957,0.2060795750089556,69.53866220001542,0.0,0.0,34.0
ENSG00000167779,0.22689663646275535,69.1634490049548,0.0,0.0,27.0
ENSG00000150201,0.11136497880685042,69.09720048563037,0.0,0.0,19.0
ENSG00000028277,0.05765413960443966,69.02579527598773,0.0,0.0,15.0
ENSG00000162444,0.08768698068904349,68.97152552857258,0.0,0.0,20.0
ENSG00000184371,0.10846224528990203,68.6247666720219,0.0,0.0,30.0
ENSG00000135069,0.12371342172622544,68.52109171839217,0.0,0.0,5.0
ENSG00000162591,0.08324351033171734,68.42416451999148,0.0,0.0,33.0
ENSG00000164938,0.10422502751161039,68.41147796469986,0.0,0.0,34.0
ENSG00000152931,0.05127519952511105,68.35533566189464,0.0,0.0,22.0
ENSG00000211448,0.05346990318199259,68.04300789090517,0.0,0.0,19.0
ENSG00000198535,0.0790648895976953,67.8310791358322,0.0,0.0,28.0
ENSG00000135362,0.08170169832693308,67.5626349957406,0.0,0.0,4.0
ENSG00000214128,0.11012224718342697,67.50655491876894,0.0,0.0,27.0
ENSG00000185745,0.09203773761252144,67.39631366515606,0.0,0.0,24.0
ENSG00000137726,0.10878747766034097,67.3268849765492,0.0,0.0,5.0
ENSG00000152669,0.08262078341198661,67.17883968369142,0.0,0.0,10.0
ENSG00000106536,0.05568410357196836,67.14813245124768,0.0,0.0,19.0
ENSG00000031691,0.08240897813168555,67.12476610503062,0.0,0.0,8.0
ENSG00000240747,0.06128838089398494,67.11010470015401,0.0,0.0,20.0
ENSG00000162595,0.08300914887588899,67.0090452308413,0.0,0.0,30.0
ENSG00000211892,0.13380734486166,66.9013548520204,0.0,0.0,25.0
ENSG00000134326,0.09710533662898019,66.78630895887632,0.0,0.0,24.0
ENSG00000110848,0.07117164403022844,66.78370561861416,0.0,0.0,7.0
ENSG00000227507,0.03575678480294033,66.64194409253678,0.0,0.0,19.0
ENSG00000257017,0.10976825334802072,66.50409358560069,0.0,0.0,15.0
ENSG00000124749,0.11399609195239843,66.30374174230212,0.0,0.0,34.0
ENSG00000151882,0.10168503434971755,66.29453702875327,0.0,0.0,34.0
ENSG00000166796,0.05710080782584879,66.2098938413561,0.0,0.0,5.0
ENSG00000112303,0.06470875034212897,66.20010971394414,0.0,0.0,24.0
ENSG00000139329,0.07041206549148427,66.14026601017753,0.0,0.0,6.0
ENSG00000145675,0.12932884265328518,66.12088642631632,0.0,0.0,16.0
ENSG00000241794,0.09804998087934232,66.07795359729131,0.0,0.0,13.0
ENSG00000168003,0.45241580393751135,65.92342187929017,0.0,0.0,16.0
ENSG00000106927,0.24770840735460578,65.90453770948322,0.0,0.0,16.0
ENSG00000159387,0.08412726420705817,65.54617394508959,0.0,0.0,27.0
ENSG00000169291,0.22742012379612261,65.32915098788122,0.0,0.0,16.0
ENSG00000137628,0.09618994726547099,65.25429078812702,0.0,0.0,24.0
ENSG00000102575,0.08385020853556081,65.23359875257147,0.0,0.0,7.0
ENSG00000153002,0.02729217361465965,65.104077329831,0.0,0.0,5.0
ENSG00000186281,0.06323859415749403,64.99211052528815,0.0,0.0,15.0
ENSG00000065618,0.16747037127190767,64.84514224698148,0.0,0.0,23.0
ENSG00000204381,0.10104363937963579,64.82760342874431,0.0,0.0,20.0
ENSG00000119986,0.10050063473742937,64.68210813935772,0.0,0.0,10.0
ENSG00000153714,0.07611758485655214,64.35516780026435,0.0,0.0,35.0
ENSG00000163736,0.05564117370116467,64.29435568288638,0.0,0.0,28.0
ENSG00000159167,0.07259959823202318,64.24696810573452,0.0,0.0,11.0
ENSG00000173372,0.07782078699485266,64.09879146193553,0.0,0.0,33.0
ENSG00000183018,0.1233329075837928,64.07325619411392,0.0,0.0,34.0
ENSG00000148803,0.08465638944607107,64.01092034632107,0.0,0.0,20.0
ENSG00000134258,0.09802127834236896,63.860145254665674,0.0,0.0,34.0
ENSG00000010810,0.07970761707241947,63.840407707235165,0.0,0.0,26.0
ENSG00000157315,0.2508176541986378,63.7401403106809,0.0,0.0,16.0
ENSG00000133636,0.1314373505576214,63.56044057960687,0.0,0.0,31.0
ENSG00000163283,0.09153543042250185,63.30248948532617,0.0,0.0,34.0
ENSG00000261150,0.08947023013253348,63.25675808499778,0.0,0.0,16.0
ENSG00000205364,0.10002488733093934,63.14392922914771,0.0,0.0,20.0
ENSG00000105538,0.05092692405408613,63.03683358497727,0.0,0.0,22.0
ENSG00000169508,0.0847304219136464,63.03159997558186,0.0,0.0,33.0
ENSG00000189325,0.056192958960807185,62.98426902249827,0.0,0.0,33.0
ENSG00000163072,0.07595840670495245,62.92831360086736,0.0,0.0,16.0
ENSG00000180440,0.037219719826351465,62.62865625238519,0.0,0.0,4.0
ENSG00000163406,0.075215910490419,62.59066062062028,0.0,0.0,4.0
ENSG00000172543,0.06937166459968298,62.58106578616369,0.0,0.0,25.0
ENSG00000134508,0.11434286562561248,62.28673445651135,0.0,0.0,18.0
ENSG00000235947,0.05063608449920095,62.22751853848783,0.0,0.0,26.0
ENSG00000188761,0.15033373053720864,62.18650670989606,0.0,0.0,34.0
ENSG00000142235,0.1072773054348123,62.13337994964384,0.0,0.0,20.0
ENSG00000158869,0.08042018934945724,62.00280199039915,0.0,0.0,33.0
ENSG00000221968,0.09012199781159853,61.99724854706425,0.0,0.0,4.0
ENSG00000158406,0.07189072813075267,61.83775217404434,0.0,0.0,10.0
ENSG00000152137,0.10474023965581448,61.72618036865428,0.0,0.0,16.0
ENSG00000212901,0.042625073953394,61.71940790499759,0.0,0.0,15.0
ENSG00000172478,0.12385868381682796,61.6606047943139,0.0,0.0,34.0
ENSG00000184709,0.07970714099477702,61.65908411086717,0.0,0.0,2.0
ENSG00000168234,0.10136088798167826,61.44217523168169,0.0,0.0,10.0
ENSG00000154040,0.09784836759444074,61.346378609727964,0.0,0.0,22.0
ENSG00000140961,0.11571102978787284,61.13139860953256,0.0,0.0,22.0
ENSG00000171243,0.037003145472010245,61.05438119300077,0.0,0.0,5.0
ENSG00000186480,0.11149377919039964,60.8434822297664,0.0,0.0,15.0
ENSG00000177191,0.1291265352527102,60.84061117996492,0.0,0.0,7.0
ENSG00000096006,0.05770048027349201,60.73385732059119,0.0,0.0,28.0
ENSG00000134363,0.04035071832502635,60.451539246332814,0.0,0.0,11.0
ENSG00000188001,0.06940522976953191,60.34877647292524,0.0,0.0,-1.0
ENSG00000142319,0.058439039589525746,60.26492533179549,0.0,0.0,7.0
ENSG00000233723,0.061715370282285506,60.157581071231014,0.0,0.0,20.0
ENSG00000177791,0.054463551060705634,59.975025665215234,0.0,0.0,26.0
ENSG00000188687,0.12257434115809428,59.77363773627465,0.0,0.0,7.0
ENSG00000256229,0.06939234086190128,59.252764074102565,0.0,0.0,27.0
ENSG00000091137,0.052380739593142524,59.242158949311204,0.0,0.0,15.0
ENSG00000110777,0.0837911531152986,59.00904325175481,0.0,0.0,2.0
ENSG00000204442,0.08505823412156177,58.88750071821815,0.0,0.0,10.0
ENSG00000160179,0.06845176391966994,58.878759690112105,0.0,0.0,32.0
ENSG00000122862,0.08855356263149461,58.72080435189962,0.0,0.0,33.0
ENSG00000081189,0.15478081601968174,58.52959913693132,0.0,0.0,7.0
ENSG00000135914,0.0697599164293329,58.51016246081499,0.0,0.0,31.0
ENSG00000182492,0.04997120450297296,58.316109002599795,0.0,0.0,29.0
ENSG00000124205,0.02285433944916079,58.04952109503472,0.0,0.0,4.0
ENSG00000149948,0.13544842618833614,58.00388947363463,0.0,0.0,10.0
ENSG00000188153,0.08233278300153281,57.92949432912365,0.0,0.0,16.0
ENSG00000171812,0.07131627874004913,57.43696368491094,0.0,0.0,34.0
ENSG00000114279,0.07187633022433881,56.66580650533471,0.0,0.0,11.0
ENSG00000181617,0.023050990268418795,56.545982069549254,0.0,0.0,11.0
ENSG00000176563,0.06253698181889263,56.38581565479277,0.0,0.0,2.0
ENSG00000181350,0.10646695391977867,56.21470004381018,0.0,0.0,16.0
ENSG00000144191,0.04155756793380886,55.969323165010785,0.0,0.0,19.0
ENSG00000148123,0.07794071105813136,55.943561052371585,0.0,0.0,16.0
ENSG00000146197,0.07329606525743708,55.658601232746115,0.0,0.0,34.0
ENSG00000169594,0.0820478112451653,55.61689041813307,0.0,0.0,13.0
ENSG00000147381,0.0540584215486046,55.56822353265085,0.0,0.0,31.0
ENSG00000102032,0.06041686112158619,55.500484327387476,0.0,0.0,19.0
ENSG00000123700,0.03874333936367891,55.480977072721885,0.0,0.0,7.0
ENSG00000143851,0.05147265915584804,55.43901571898207,0.0,0.0,5.0
ENSG00000179097,0.05154000814858483,55.06104160066001,0.0,0.0,10.0
ENSG00000187889,0.04576888864934158,54.64831178556701,0.0,0.0,2.0
ENSG00000027869,0.05917454775422959,54.58265949150624,0.0,0.0,6.0
ENSG00000128564,0.06927006684750031,54.43727250596926,0.0,0.0,28.0
ENSG00000153721,0.06437710901349473,54.26829284380548,0.0,0.0,15.0
ENSG00000090104,0.06274280989983344,54.09089784442679,0.0,0.0,33.0
ENSG00000143882,0.05434332162208729,54.01717840280554,0.0,0.0,21.0
ENSG00000167244,0.08244521516317005,53.898255897724596,0.0,0.0,-1.0
ENSG00000119681,0.08063282758023542,53.19225893442589,0.0,0.0,23.0
ENSG00000158246,0.08943880076568936,53.17783973103795,0.0,0.0,4.0
ENSG00000134962,0.03916230046650837,53.143814174140566,0.0,0.0,27.0
ENSG00000137960,0.04736812533363242,53.10369674227331,0.0,0.0,2.0
ENSG00000166825,0.25756393853254644,52.89593998954566,0.0,0.0,27.0
ENSG00000170367,0.04785776747540184,52.56318551702759,0.0,0.0,4.0
ENSG00000100628,0.07588896752629654,52.497690222579294,0.0,0.0,35.0
ENSG00000122223,0.026022398676434164,52.24178245729377,0.0,0.0,4.0
ENSG00000166143,0.103058799591735,52.231047596816715,0.0,0.0,-1.0
ENSG00000138100,0.23819741755049736,52.19438624551942,0.0,0.0,27.0
ENSG00000108961,0.07318999542231239,52.16180070049768,0.0,0.0,22.0
ENSG00000137752,0.07470643071700735,52.1145406303669,0.0,0.0,13.0
ENSG00000050730,0.06616616946937443,51.997191514262624,0.0,0.0,-1.0
ENSG00000226419,0.06349019127229921,51.6959474873095,0.0,0.0,10.0
ENSG00000180875,0.05893638921105735,51.28468689485812,0.0,0.0,32.0
ENSG00000109099,0.07115279691641191,50.91867871138035,0.0,0.0,4.0
ENSG00000187510,0.061551168055050925,50.82728637273213,0.0,0.0,2.0
ENSG00000067715,0.06124009035279695,50.795399859955864,0.0,0.0,31.0
ENSG00000047634,0.07315387988122456,50.79193089506644,0.0,0.0,15.0
ENSG00000186474,0.15755412046967077,50.706444534353714,0.0,0.0,31.0
ENSG00000164825,0.09877849827762958,50.38011133544246,0.0,0.0,13.0
ENSG00000177453,0.04565312351868275,50.29042822232033,0.0,0.0,7.0
ENSG00000155850,0.048537874182212566,50.285682979258425,0.0,0.0,32.0
ENSG00000249992,0.056935899584256905,50.25392688022733,0.0,0.0,6.0
ENSG00000116785,0.04885666666100933,50.22666899595166,0.0,0.0,19.0
ENSG00000163631,0.05676124510247172,50.06574175306523,0.0,0.0,27.0
ENSG00000124102,0.09038585232436734,50.05202472643609,0.0,0.0,13.0
ENSG00000168542,0.08581305509884429,50.02397679741863,0.0,0.0,10.0
ENSG00000102362,0.06275964852914037,49.681332128924524,0.0,0.0,4.0
ENSG00000170498,0.06118911975038831,49.32106979543978,0.0,0.0,22.0
ENSG00000121005,0.0694150282822325,49.09125892111561,0.0,0.0,10.0
ENSG00000197253,0.04186237417592677,49.05648046367638,0.0,0.0,33.0
ENSG00000164638,0.0669158061973497,48.984678720483465,0.0,0.0,32.0
ENSG00000105929,0.06236291132163858,48.725138415996405,0.0,0.0,11.0
ENSG00000122574,0.06397769439049647,48.14059072434619,0.0,0.0,15.0
ENSG00000152779,0.18709937349232797,47.90846576985276,0.0,0.0,16.0
ENSG00000184226,0.09847859984739522,47.86172169379294,0.0,0.0,7.0
ENSG00000112972,0.08952681204374234,47.74717419604042,0.0,0.0,15.0
ENSG00000172331,0.057898047219261256,47.68894606265454,0.0,0.0,32.0
ENSG00000164093,0.04952695316046053,47.57070001356522,0.0,0.0,6.0
ENSG00000109819,0.07486143580839748,47.56630803115232,0.0,0.0,16.0
ENSG00000176945,0.0899290425102211,47.492359531386505,0.0,0.0,34.0
ENSG00000015520,0.044602000433887894,47.25184671187052,0.0,0.0,32.0
ENSG00000178726,0.07123843221451107,47.110952019769215,0.0,0.0,32.0
ENSG00000154319,0.055342963046433526,46.98818636782764,0.0,0.0,4.0
ENSG00000128045,0.038809097131987005,46.96371266656159,0.0,0.0,5.0
ENSG00000167755,0.11534966480174128,46.90766735028516,0.0,0.0,11.0
ENSG00000123178,0.06319417191246587,46.596090018524215,0.0,0.0,4.0
ENSG00000144119,0.05047444995153859,46.496599541173424,0.0,0.0,19.0
ENSG00000115718,0.06426988749818284,45.96967551558533,0.0,0.0,22.0
ENSG00000171557,0.10811934708976237,45.963695950464846,0.0,0.0,-1.0
ENSG00000255398,0.05789425720728111,45.61586884124554,0.0,0.0,35.0
ENSG00000124713,0.05460194323226808,45.588787020845785,0.0,0.0,7.0
ENSG00000198157,0.05598933756895887,45.522508497301764,0.0,0.0,2.0
ENSG00000161896,0.05311281336014395,45.442580895939294,0.0,0.0,32.0
ENSG00000275302,0.07343966115803788,45.22745940939778,0.0,0.0,33.0
ENSG00000167740,0.058861870158333066,45.021984633044696,0.0,0.0,15.0
ENSG00000136688,0.07263111247084726,44.758540411931115,0.0,0.0,13.0
ENSG00000163520,0.08093599520239114,44.755327822034836,0.0,0.0,34.0
ENSG00000213886,0.07014550074706885,44.679973903077986,0.0,0.0,24.0
ENSG00000131477,0.05148266987627602,44.454058328455346,0.0,0.0,27.0
ENSG00000205362,0.16035973870512601,44.35422941905339,0.0,0.0,20.0
ENSG00000164692,0.11717510748987629,44.3475132985524,0.0,0.0,-1.0
ENSG00000171368,0.06123049584485086,44.308272191010374,0.0,0.0,32.0
ENSG00000182287,0.06343943377473499,44.081274701581386,0.0,0.0,20.0
ENSG00000180155,0.05601634041616506,43.70758110854328,0.0,0.0,28.0
ENSG00000143341,0.04926056817945892,43.635395332096195,0.0,0.0,21.0
ENSG00000126016,0.08076986918224954,43.259915926853914,0.0,0.0,34.0
ENSG00000100985,0.04902890555441796,43.10931183411767,0.0,0.0,6.0
ENSG00000111913,0.1638956021348516,43.02430205507314,0.0,0.0,2.0
ENSG00000171560,0.13333021515925872,42.936445737508144,0.0,0.0,-1.0
ENSG00000124429,0.05483259211904265,42.684421304082036,0.0,0.0,19.0
ENSG00000141255,0.04661104717067576,42.51450906011032,0.0,0.0,28.0
ENSG00000172244,0.05601273160075683,42.36391707047167,0.0,0.0,8.0
ENSG00000157168,0.06257811307055033,42.076879717959216,0.0,0.0,4.0
ENSG00000082397,0.05498391275818898,41.91910468740121,0.0,0.0,4.0
ENSG00000164776,0.035640324176962127,41.7256474716062,0.0,0.0,-1.0
ENSG00000197353,0.06857362467555723,41.712916677815926,0.0,0.0,35.0
ENSG00000115468,0.07003476727251563,41.28245060120337,0.0,0.0,20.0
ENSG00000134321,0.045014548176728654,41.20344471910017,0.0,0.0,24.0
ENSG00000203952,0.05457892596124074,41.106054165502975,0.0,0.0,2.0
ENSG00000159433,0.03884887798912147,41.05087192888727,0.0,0.0,19.0
ENSG00000141837,0.04826330239222495,41.01435281992221,0.0,0.0,21.0
ENSG00000125144,0.04406982430524706,40.93061910028329,0.0,0.0,4.0
ENSG00000117643,0.04639622753735605,40.51737634364166,0.0,0.0,7.0
ENSG00000137819,0.05555964524709216,40.38683163277453,0.0,0.0,20.0
ENSG00000233532,0.0935451536731444,40.11037931294409,0.0,0.0,20.0
ENSG00000018280,0.05305673688640725,39.9606048375833,0.0,0.0,10.0
ENSG00000205502,0.05529877116854833,39.79425246584429,0.0,0.0,32.0
ENSG00000183242,0.03355782658493585,39.518732709304174,0.0,0.0,5.0
ENSG00000100311,0.050971259881315574,39.40395308280433,0.0,0.0,28.0
ENSG00000138131,0.09165283311201387,39.3890377565219,0.0,0.0,34.0
ENSG00000091129,0.04367076800413503,39.32718807871519,0.0,0.0,5.0
ENSG00000162511,0.05463358226422348,38.7139351736792,0.0,0.0,33.0
ENSG00000070669,0.07427492523796578,38.71299404221719,0.0,0.0,5.0
ENSG00000004939,0.03404884716034333,38.34237404963329,0.0,0.0,21.0
ENSG00000069482,0.11077341795430487,38.30442299111812,0.0,0.0,31.0
ENSG00000171291,0.04012438787145977,38.200070808416335,0.0,0.0,5.0
ENSG00000036565,0.019952751122150943,38.052939694054146,0.0,0.0,31.0
ENSG00000007306,0.05162463574456371,37.92101010213894,0.0,0.0,13.0
ENSG00000170477,0.09843324976683387,37.70856694859161,0.0,0.0,13.0
ENSG00000101255,0.1045790044774698,37.55638063251901,5.54247461167369e-309,6.41119099094701e-309,5.0
ENSG00000161381,0.04667377293290585,37.349222842405595,1.305079131733723e-305,1.508762002004304e-305,15.0
ENSG00000182782,0.09706376103971742,37.33836167445507,1.958446002599418e-305,2.2627914530322565e-305,19.0
ENSG00000115252,0.07593804625093653,37.316604485199235,4.4144111764840354e-305,5.097472490166322e-305,16.0
ENSG00000180772,0.14774844153666356,37.049835606174476,9.03426117159301e-301,1.04261525350179e-300,-1.0
ENSG00000196196,0.053831438970559406,37.02283608839013,2.4574646878268945e-300,2.834446006720755e-300,4.0
ENSG00000235750,0.048910710816898545,36.92913519515665,7.875513609318207e-299,9.078401855121853e-299,19.0
ENSG00000136244,0.06334678281967772,36.583853699216796,2.583035354935674e-293,2.9758471831056154e-293,35.0
ENSG00000161055,0.5458286904164099,36.4039000851832,1.846586233190563e-290,2.1261787371221222e-290,34.0
ENSG00000183780,0.043617407057516204,36.341666658236974,1.7790240569481394e-289,2.0472083509184574e-289,29.0
ENSG00000198783,0.04709311467840473,36.195280847979504,3.6114694040495054e-287,4.153501327256475e-287,5.0
ENSG00000133169,0.04294718752758946,36.13029255407763,3.7942312106276863e-286,4.361185299572053e-286,31.0
ENSG00000162344,0.05922372689587538,36.01907620337394,2.1032517595688076e-284,2.4161421706706576e-284,33.0
ENSG00000142149,0.05484126466275746,35.756642638227284,2.6081064138222734e-280,2.9943816461794185e-280,7.0
ENSG00000175497,0.04947866408295687,35.63666565048593,1.8956979084393058e-278,2.175212746344585e-278,33.0
ENSG00000183044,0.049777556182806104,35.502510801168334,2.247942391680636e-276,2.5779155867897204e-276,16.0
ENSG00000175899,0.05117476869098928,35.44337872388872,1.8343376219413732e-275,2.1023926899041526e-275,31.0
ENSG00000188536,0.0054740713270935385,35.3867343226836,1.3658267579808546e-274,1.5645209140674165e-274,22.0
ENSG00000211772,0.041958219474075256,35.29274158236675,3.794334742515113e-273,4.343829127092287e-273,33.0
ENSG00000091428,0.030803364659947038,35.23768565686242,2.648627745752965e-272,3.0304665283214706e-272,4.0
ENSG00000143556,0.09796790271745885,35.030353541855035,3.8829247061402145e-269,4.44016547300196e-269,24.0
ENSG00000244094,0.04894993349549169,34.98368634788091,1.991750442820463e-268,2.2762862203662436e-268,-1.0
ENSG00000163239,0.0752760917062518,34.952194024961926,5.99625240157378e-268,6.848946203967768e-268,34.0
ENSG00000127329,0.03977292552101018,34.60609958483379,1.0226817651888818e-262,1.1674449374302303e-262,19.0
ENSG00000172005,0.04552419714514867,34.479416885284515,8.161879131697684e-261,9.311898610037289e-261,20.0
ENSG00000188352,0.056626277967254154,34.377692983593775,2.7168166752914145e-259,3.0978525373904383e-259,16.0
ENSG00000163638,0.050496600649751096,34.11047113674364,2.579711490850501e-255,2.939842154815386e-255,34.0
ENSG00000145692,0.03295860573989839,33.97177508170619,2.9093923274069063e-253,3.313658687251602e-253,27.0
ENSG00000175356,0.0640525561151179,33.86412921867356,1.1241975645778782e-251,1.279678502649833e-251,16.0
ENSG00000164379,0.27205025575994646,33.81894661923019,5.1937239232338925e-251,5.908673405271778e-251,34.0
ENSG00000206172,0.013137362934963372,33.343365904394894,4.545069259621514e-244,5.167787674384894e-244,22.0
ENSG00000150627,0.05168104538461202,33.33244650165539,6.54302725145151e-244,7.435258240285806e-244,2.0
ENSG00000158050,0.046761182572246776,33.316266164080254,1.1224332273043614e-243,1.274768003752824e-243,15.0
ENSG00000182759,0.0419240307264605,33.184540003492735,8.996325427701408e-242,1.0211493107493085e-241,15.0
ENSG00000206557,0.035877441850099764,32.910594517122384,7.752241971930512e-238,8.794375464470235e-238,4.0
ENSG00000166313,0.04683424442930639,32.825060430492584,1.292694856634707e-236,1.4656404270234774e-236,15.0
ENSG00000224652,0.030924214858781118,32.69217309291535,1.0088522466831755e-234,1.1431753503492075e-234,27.0
ENSG00000169507,0.036524234115231625,32.48945982423123,7.511553906156678e-232,8.506856065862603e-232,31.0
ENSG00000170323,0.03259707440083796,32.46655716669401,1.5815317076137527e-231,1.7900755038073037e-231,33.0
ENSG00000165325,0.03764234693305543,32.423428753176005,6.417455182722307e-231,7.259564686337452e-231,2.0
ENSG00000066827,0.04151816230996672,32.276903397368486,7.377920365523634e-229,8.341345806131865e-229,22.0
ENSG00000136881,0.04655871834313089,31.639713550489336,5.2521399878657074e-220,5.934621455215489e-220,10.0
ENSG00000139352,0.07641372326664035,31.52683458414631,1.862872477441666e-218,2.1037520919725198e-218,31.0
ENSG00000169035,0.08160301372100022,30.640482965524267,1.7693425065654205e-206,1.997000571744267e-206,34.0
ENSG00000019991,0.14434540464954657,30.187204366764956,1.743533512957962e-200,1.966760871920995e-200,20.0
ENSG00000259974,0.042583152356194726,30.164909730860174,3.419229449162781e-200,3.854824632652515e-200,25.0
ENSG00000085563,0.025197148845033546,30.098243246873068,2.554366002428193e-199,2.878158875975429e-199,31.0
ENSG00000175352,0.037243212437976375,29.948947006100575,2.2705121482950966e-197,2.5568830498818655e-197,26.0
ENSG00000156113,0.1405278121215306,29.94490634905126,2.562915071454729e-197,2.884541442267562e-197,19.0
ENSG00000092020,0.0418029534859147,29.739339635488736,1.1910202568103174e-194,1.3397303226212794e-194,22.0
ENSG00000177993,0.025105959740619497,29.57207031731784,1.7087417819446379e-192,1.9210138076949276e-192,19.0
ENSG00000170465,0.09801643038981367,29.33225357373369,2.012238035165189e-189,2.260941612545156e-189,6.0
ENSG00000165879,0.04080644837798027,29.277995543754145,9.886133111850056e-189,1.1101777778607588e-188,19.0
ENSG00000129596,0.02262830505494871,29.108197847503742,1.4135456260670294e-186,1.5864709607935234e-186,26.0
ENSG00000148848,0.03510017500474133,28.942227205043377,1.7576344378880329e-184,1.971547322364591e-184,10.0
ENSG00000196748,0.03599704676105435,28.617208993368273,2.0520253732205777e-180,2.3004768758078227e-180,22.0
ENSG00000188833,0.0392266754475068,28.537334374520626,2.017036028321503e-179,2.259984345458267e-179,30.0
ENSG00000109684,0.019389196913851808,28.419218544288608,5.852779709641515e-178,6.554064624458583e-178,19.0
ENSG00000132437,0.04664379177491126,28.171310204687334,6.57012741130413e-175,7.353248361840102e-175,31.0
ENSG00000107954,0.024597965688709523,28.050588753471644,1.9645070028828187e-173,2.197435126267135e-173,26.0
ENSG00000105374,0.03637508560635361,27.97941284242888,1.446553224344506e-172,1.6171640294516556e-172,33.0
ENSG00000101405,0.0349787990852897,27.85749379534438,4.369923985517953e-171,4.882596631863634e-171,27.0
ENSG00000173557,0.02722560431408726,27.833192831915397,8.60449515489927e-171,9.608593137799297e-171,2.0
ENSG00000179673,0.038114361394746,27.83201762370792,8.890968454168743e-171,9.922955864027615e-171,24.0
ENSG00000172137,0.05565401970979132,27.72501531885274,1.7438113494888945e-169,1.9451325705397596e-169,20.0
ENSG00000146859,0.03809450963735675,27.717823281812922,2.1291128523905735e-169,2.373592923512345e-169,24.0
ENSG00000163331,0.04356506694638752,27.673237925874492,7.331104237841011e-169,8.168361267789428e-169,13.0
ENSG00000138755,0.024908933920707466,27.598354375008714,5.822386413211909e-168,6.483726518053351e-168,24.0
ENSG00000163219,0.03057309828513703,27.08335046647459,7.734048200484436e-162,8.607733111279283e-162,5.0
ENSG00000141744,0.029502870552969993,26.398194742870558,7.185732284996534e-154,7.993028125691361e-154,22.0
ENSG00000078898,0.13132532233371752,26.098040500280234,1.9186913357853292e-150,2.133064297704646e-150,16.0
ENSG00000146678,0.01259244194906762,25.916512415867018,2.169471704307232e-148,2.4105241158969244e-148,31.0
ENSG00000111863,0.031018294413150224,25.47463483219013,1.8832548085403798e-143,2.091343485330794e-143,24.0
ENSG00000105205,0.01502686336415463,25.438551054831162,4.725553585622285e-143,5.2447875534098615e-143,24.0
ENSG00000212724,0.03132849401241562,25.41935932863958,7.70417710875128e-143,8.545953531615397e-143,28.0
ENSG00000101353,0.030130972397754228,25.30776671304782,1.3117537350180084e-141,1.454272433501118e-141,24.0
ENSG00000136943,0.026154842146884922,25.275427003042548,2.9759478286343e-141,3.297449117600333e-141,5.0
ENSG00000163536,0.027137750904641156,24.941169625620017,1.3312616162559873e-137,1.474265355765213e-137,5.0
ENSG00000182185,0.030129069935225503,24.91981568087387,2.2690137003357554e-137,2.511359933963205e-137,32.0
ENSG00000183773,0.029912565909942294,24.873310061823787,7.235773658544228e-137,8.0041744010445e-137,25.0
ENSG00000204542,0.04856690969975628,24.801443231573966,4.3246011520169e-136,4.781206359333223e-136,20.0
ENSG00000283227,0.018663341030150833,24.664041414984254,1.300840917082109e-134,1.4373932785437667e-134,-1.0
ENSG00000125931,0.013673287112044944,24.602152977982144,5.989566244648733e-134,6.614650739534769e-134,7.0
ENSG00000198033,0.031082403208307595,23.89022140516683,1.9352375178382026e-126,2.136023750373292e-126,20.0
ENSG00000198133,0.024795503789421167,23.571958050815393,3.738091676015558e-123,4.1236532553949896e-123,-1.0
ENSG00000124701,0.02726756809385706,23.164171538903556,5.232055289815846e-119,5.768528434196081e-119,33.0
ENSG00000184925,0.03729486643613255,23.158549026663486,5.961195633860562e-119,6.568810615824311e-119,25.0
ENSG00000160321,0.02295242223496553,23.077284600508342,3.91514515592815e-118,4.311833872167566e-118,20.0
ENSG00000204983,0.03505960377147633,23.05465654911632,6.604608970593761e-118,7.269795234555599e-118,30.0
ENSG00000161955,0.05943636145512141,22.997092962998,2.4920986241963585e-117,2.7415826448804822e-117,16.0
ENSG00000127129,0.06469989287648993,22.642946430047413,8.186292728427822e-114,9.000871609046534e-114,35.0
ENSG00000155307,0.02688275904070431,22.43259410753934,9.463670118219118e-112,1.039963749254848e-111,33.0
ENSG00000185615,0.035889045104729865,22.31737104971389,1.2529907258643506e-110,1.376156755479792e-110,25.0
ENSG00000163735,0.13570421323215237,22.139810624461393,6.539248066371774e-109,7.178098865391629e-109,20.0
ENSG00000085265,0.028282626551483513,22.079555530397272,2.484750791960814e-108,2.7260019659471352e-108,33.0
ENSG00000170222,0.029908681765307255,21.99154448242524,1.7348776538430927e-107,1.9022781292139173e-107,-1.0
ENSG00000058404,0.033075190471039934,21.870092057498336,2.502819912839894e-106,2.74281634283824e-106,31.0
ENSG00000178776,0.031057135571798664,21.13404690203191,1.9346077695737693e-99,2.118957031296571e-99,24.0
ENSG00000214510,0.02695031395945203,20.660352877496283,3.939323739620596e-95,4.3123412584790325e-95,19.0
ENSG00000151952,0.053355645623197626,20.373322025314824,1.4421624227778886e-92,1.5778582306103812e-92,16.0
ENSG00000181036,0.02210372826540429,20.201723636628465,4.72696129874492e-91,5.168902458988431e-91,-1.0
ENSG00000174946,0.03749209927127765,19.833354437236142,7.6728200122993e-88,8.385595641857158e-88,22.0
ENSG00000275896,0.02864831151282743,19.831295738232924,7.993400690031515e-88,8.731185898450589e-88,30.0
ENSG00000164406,0.019867038105396872,19.548925703154296,2.1064965467939288e-85,2.2996687192073456e-85,-1.0
ENSG00000183019,0.02248528146591691,19.402878853449774,3.6484232866365763e-84,3.980821916679298e-84,33.0
ENSG00000171951,0.017783910440480683,19.374296054493755,6.359448513995467e-84,6.93505835768317e-84,31.0
ENSG00000138646,0.027592347002214832,19.088479320682964,1.5740025223478733e-81,1.7155340843028592e-81,-1.0
ENSG00000125780,0.014038105964129697,18.622820903190963,1.0493109809979783e-77,1.1430402843115232e-77,2.0
ENSG00000125538,0.02842414352887508,18.44630382911979,2.7917941396762505e-76,3.039514577764018e-76,33.0
ENSG00000150456,0.02627313195808683,18.248510713390402,1.0631354731881318e-74,1.1568394702808833e-74,24.0
ENSG00000178150,0.0453932013379719,18.235334992796403,1.352954898013897e-74,1.471402825463727e-74,20.0
ENSG00000133110,0.017134325362832395,18.235166037458207,1.3571422024654589e-74,1.4751545678972378e-74,6.0
ENSG00000170100,0.0217852518165976,18.202524840781003,2.4641503582848683e-74,2.676969427794534e-74,19.0
ENSG00000170893,0.01027481176725509,17.842450152423215,1.6543232567749755e-71,1.7962250345005162e-71,-1.0
ENSG00000166482,0.019793622405389153,17.774485246130563,5.570782899513079e-71,6.0453422675128364e-71,-1.0
ENSG00000119673,0.023306480242266614,17.62308910469329,8.190532558238466e-70,8.883440952536296e-70,22.0
ENSG00000079101,0.021917781922634418,17.535109232726093,3.86504626870458e-69,4.1897520527962926e-69,15.0
ENSG00000166923,0.01609714228218269,17.47458595292993,1.1188201135238722e-68,1.2121561359955277e-68,11.0
ENSG00000173641,0.06086412761636827,17.434258622072527,2.2670069456979576e-68,2.454799074930111e-68,34.0
ENSG00000136999,0.025676587792464487,17.365002465347423,7.594668082419753e-68,8.219337751536528e-68,28.0
ENSG00000197837,0.024334544292816885,17.214497180487527,1.0336772795905965e-66,1.1180933256793905e-66,10.0
ENSG00000235590,0.016367282023990758,16.947081226294394,1.011241417521147e-64,1.0932339648877263e-64,5.0
ENSG00000099338,0.02143358096393631,16.540837249370263,9.320667995393325e-62,1.0070954073898785e-61,15.0
ENSG00000250254,0.02170582958110692,16.460168473266485,3.5451418889402624e-61,3.8284469642983393e-61,5.0
ENSG00000203797,0.022601237571262874,15.920518084657141,2.282902888082133e-57,2.4640074345193016e-57,-1.0
ENSG00000148584,0.013375501457249465,15.76318990716284,2.7873362532562483e-56,3.006835224656147e-56,31.0
ENSG00000264745,0.009564780001920755,15.71756163260456,5.732595781981961e-56,6.180696260896993e-56,2.0
ENSG00000183395,0.03218603995801211,15.421133929058024,5.900694520462758e-54,6.35850702636073e-54,13.0
ENSG00000164400,0.03719392556723291,15.252046424452294,7.977651939325927e-53,8.591978394535194e-53,33.0
ENSG00000213088,0.01380301616032565,15.209487626082346,1.5296406734728048e-52,1.6465453966338048e-52,-1.0
ENSG00000143119,0.01912643703914828,15.156024019940219,3.4564745820328865e-52,3.718638603585677e-52,33.0
ENSG00000136110,0.020728861415780384,15.01311146136583,3.012682561751491e-51,3.2394436147865495e-51,-1.0
ENSG00000244734,0.0013148072891754907,14.834855750983504,4.359557493323621e-50,4.685177316844299e-50,-1.0
ENSG00000158792,0.02006151909915968,14.67860743762663,4.419352402526671e-49,4.746887650404588e-49,-1.0
ENSG00000164691,0.018891717625891962,14.605038907945746,1.3041666043938626e-48,1.4000715023015163e-48,35.0
ENSG00000133055,0.05233997035728598,14.386042584133678,3.165835112247739e-47,3.396818789965385e-47,34.0
ENSG00000165828,0.00761502970410709,14.297675425868658,1.1312057626471635e-46,1.213089289702052e-46,22.0
ENSG00000121905,0.016294214767976937,13.899472100749367,3.190512554851973e-44,3.4196276043429503e-44,24.0
ENSG00000108515,0.04585213245593649,13.727239480136175,3.487022672248396e-43,3.735428679430526e-43,-1.0
ENSG00000082684,0.014743582717359663,13.683908216125582,6.334791437886312e-43,6.782431946345087e-43,-1.0
ENSG00000229474,0.01690268497360897,13.666476434343641,8.050234963754158e-43,8.614483642326547e-43,2.0
ENSG00000172020,0.030008633492782523,13.634625094117219,1.2463427508788757e-42,1.3329868993356958e-42,20.0
ENSG00000113597,0.018947963312843968,13.114720208034779,1.355905958680986e-39,1.4493917249395896e-39,24.0
ENSG00000275714,0.019024008332924693,13.104864002422683,1.5440764383054905e-39,1.649654314428943e-39,24.0
ENSG00000230613,0.009791779084272912,13.08785799054632,1.9317506008758187e-39,2.062734224106587e-39,10.0
ENSG00000196565,0.007542869223492427,13.036165236036123,3.8096998425389005e-39,4.065848284459872e-39,-1.0
ENSG00000110436,0.012079809091698899,12.859131984374748,3.82150524912634e-38,4.076272265734763e-38,16.0
ENSG00000268089,0.00891711942116875,12.668640052893785,4.411537696462228e-37,4.703131872561011e-37,5.0
ENSG00000166529,0.017004035675408532,12.661955859070241,4.8037746374135844e-37,5.118566475667112e-37,5.0
ENSG00000172985,0.015769578765675123,12.328164603392976,3.194265735384058e-35,3.401773946095909e-35,2.0
ENSG00000182816,0.026534153579877925,12.283147398869817,5.578583773396935e-35,5.937822004680079e-35,34.0
ENSG00000102174,0.01553881934977916,12.243114538479706,9.143887319602236e-35,9.727539701704507e-35,22.0
ENSG00000139899,0.01640574712963316,12.150377808111458,2.85505571193205e-34,3.035678587912865e-34,32.0
ENSG00000115194,0.013374437804184167,12.070401513450191,7.569691240236287e-34,8.044305249985427e-34,22.0
ENSG00000164743,0.015913897471628816,11.808994861631462,1.7536449008214574e-32,1.8626074358167363e-32,10.0
ENSG00000141433,0.01083338662268693,11.771239227533849,2.7455943776694263e-32,2.914643713024869e-32,31.0
ENSG00000137502,0.016061317082896813,11.531969117148689,4.551865720888424e-31,4.829565751605755e-31,10.0
ENSG00000106809,0.00823261598606449,11.237292977788773,1.3372915239867606e-29,1.4181246277696296e-29,21.0
ENSG00000142748,0.014981532809476193,10.870918052878675,7.929843674369244e-28,8.404709776755955e-28,2.0
ENSG00000144891,0.007831424358645053,10.783862939495114,2.0514289179355633e-27,2.1731238537453e-27,22.0
ENSG00000112936,0.04164413313377341,10.73211047124316,3.596710988270057e-27,3.808058219449505e-27,-1.0
ENSG00000204482,0.01850607592015069,10.714244227721164,4.3633540999531465e-27,4.6173059258763454e-27,33.0
ENSG00000211679,0.007755033855079633,10.660791194043744,7.763542827462574e-27,8.211044767279295e-27,25.0
ENSG00000105464,0.011852915856301778,10.65113677902561,8.612430715249559e-27,9.10404938187057e-27,-1.0
ENSG00000182836,0.024748348188014992,9.987991074396119,8.60164020151218e-24,9.087839621249001e-24,-1.0
ENSG00000271503,0.01942276214263196,9.986220417728592,8.75662491395017e-24,9.246700014730908e-24,24.0
ENSG00000161298,0.011738785856730959,9.806985818100554,5.2529933016874933e-23,5.544056255079148e-23,2.0
ENSG00000006606,0.012286324722860193,9.734393447742558,1.075485360910868e-22,1.1344782288089326e-22,-1.0
ENSG00000117091,0.011181907852093784,9.415017653060723,2.3650145462019133e-21,2.4934259843984326e-21,33.0
ENSG00000197410,0.009916572749692463,9.413410906778497,2.401461350566673e-21,2.5305177561292658e-21,24.0
ENSG00000088882,0.01241054043051939,9.222526198390883,1.450907973778578e-20,1.5280758017678545e-20,22.0
ENSG00000155961,0.009329393447225342,9.19259760210644,1.917336298010947e-20,2.0182487347483654e-20,-1.0
ENSG00000242252,0.01022440073882484,9.179430792147363,2.1668805892076234e-20,2.279727079650314e-20,22.0
ENSG00000205358,0.010998684335087034,9.103031028778739,4.39226583094873e-20,4.6185760577799476e-20,20.0
ENSG00000110799,0.010155333003918089,8.983316019984978,1.3136328905230726e-19,1.3805915822628193e-19,26.0
ENSG00000129675,0.011419436300812656,8.927104496770887,2.1865214463704866e-19,2.2967662251790826e-19,4.0
ENSG00000105695,0.012717122836620572,8.869402070643808,3.6769848957698625e-19,3.8603515966087796e-19,20.0
ENSG00000135093,0.012659473347280853,8.868063132356696,3.721456551338554e-19,3.904991134667948e-19,31.0
ENSG00000133574,0.010149624349862432,8.860759006906026,3.9735747929172114e-19,4.167356888219414e-19,33.0
ENSG00000099974,0.01209203388428555,8.63637044892551,2.9013567954802372e-18,3.0412545025998294e-18,10.0
ENSG00000088756,0.012363635591055033,8.566994383873796,5.311053521580744e-18,5.564225795265316e-18,-1.0
ENSG00000130528,0.01176416412557817,8.558531186329683,5.71572791261459e-18,5.985055405879152e-18,10.0
ENSG00000130822,0.010830407956369437,8.312534862518339,4.6839558804192685e-17,4.9020992992352366e-17,-1.0
ENSG00000163359,0.009587394621590287,8.176587142792853,1.4599818403255419e-16,1.5271776572442907e-16,22.0
ENSG00000162227,0.011922108726087694,8.17498151128539,1.479556238331143e-16,1.5468439501632442e-16,31.0
ENSG00000140368,0.008879982319330917,8.10873786948388,2.557412714897804e-16,2.6723225861001086e-16,22.0
ENSG00000117009,0.009739867880234773,8.072151691600611,3.4534993770304717e-16,3.6067878611284297e-16,33.0
ENSG00000198597,0.012363190939652036,7.886326549740748,1.5560580102703902e-15,1.624277672516065e-15,-1.0
ENSG00000173404,0.019580827540667374,7.627446247876239,1.1972479678376269e-14,1.249084995135761e-14,31.0
ENSG00000000938,0.009036034496834325,7.509914774822153,2.958293421936002e-14,3.0847689488383757e-14,33.0
ENSG00000117834,0.008395605487224242,7.474345576538394,3.8794499351908403e-14,4.0431995155714855e-14,26.0
ENSG00000211897,0.05774010279501382,7.341082298446706,1.0593673559292347e-13,1.1035076624262862e-13,25.0
ENSG00000147614,0.007085357800660365,7.225482906851073,2.496621389584223e-13,2.5992934821282904e-13,-1.0
ENSG00000167434,0.008964399309679691,6.893417732706962,2.7233812172427672e-12,2.8339034518655227e-12,-1.0
ENSG00000126353,0.005890668878865601,6.751922504587797,7.294940228188863e-12,7.587041318969177e-12,35.0
ENSG00000107317,0.03298461644410127,6.746829388803539,7.555539190858019e-12,7.853990842887753e-12,-1.0
ENSG00000124469,0.004439383903868181,6.683062906490707,1.169995329077482e-11,1.2155795626779033e-11,-1.0
ENSG00000165457,0.00799685323609944,6.6640913092069205,1.3315393326362345e-11,1.3826992031528916e-11,33.0
ENSG00000165168,0.009672191723386568,6.608297644251857,1.9438223157167743e-11,2.0174595907802536e-11,33.0
ENSG00000163661,0.007392528266710964,6.568407423574752,2.542811728427125e-11,2.6377715025177645e-11,33.0
ENSG00000137491,0.01198103571485423,6.4459138750213905,5.7452951369943776e-11,5.956760121300547e-11,33.0
ENSG00000175463,0.00855434192360664,6.405528349514248,7.4924768506517e-11,7.764224715701244e-11,33.0
ENSG00000136869,0.007764957551326853,6.30888660165131,1.4052496892809083e-10,1.4554631685975227e-10,2.0
ENSG00000104888,0.005793745782863432,6.24056603993562,2.1799513594509783e-10,2.25667842593269e-10,-1.0
ENSG00000211895,0.13845835234819717,6.094606387502942,5.485352628756847e-10,5.675481250653748e-10,25.0
ENSG00000234284,0.007768454361374444,5.967199835392998,1.2067986978922245e-09,1.2479821074376676e-09,31.0
ENSG00000081818,0.007963663925205948,5.876692901502536,2.092718106834691e-09,2.163016131095288e-09,-1.0
ENSG00000101746,0.00459305207652031,5.635669714310511,8.718965653486776e-09,9.007195923023529e-09,-1.0
ENSG00000163751,0.006518833814903268,5.221147969761956,8.890869290548578e-08,9.180040568454907e-08,-1.0
ENSG00000109072,0.011163335142100857,5.196976637611009,1.01277903933892e-07,1.0451796071609082e-07,31.0
ENSG00000198771,0.006664869122615065,5.050265666151917,2.205980187655683e-07,2.275379254931081e-07,33.0
ENSG00000179841,0.00690901919557188,4.9069797386595635,4.624479169242652e-07,4.7675042981883014e-07,31.0
ENSG00000123570,0.008588937595452267,4.70856215288401,1.247351500787174e-06,1.2852668735571086e-06,-1.0
ENSG00000163519,0.005121372625197008,4.693942414750967,1.339947502827202e-06,1.379966532262824e-06,35.0
ENSG00000167968,0.006049414221668126,4.168113383151499,1.5356557933408228e-05,1.5807059118279184e-05,-1.0
ENSG00000162892,0.0018932267934867358,4.096420291140912,2.097939332679628e-05,2.1583737990531153e-05,-1.0
ENSG00000160185,0.004139355157932977,3.783145262311948,7.742948726986483e-05,7.96190100461335e-05,-1.0
ENSG00000172006,0.005151598683335676,3.710820563653147,0.00010329425301661264,0.00010616058891738196,-1.0
ENSG00000110876,0.005377041293969203,3.7004219412034316,0.00010762064101853127,0.0001105502218988508,33.0
ENSG00000136404,0.006327677700400259,3.5839946439817254,0.00016918951311859856,0.00017370586562484453,-1.0
ENSG00000115956,0.006114179266127727,3.5690993490006013,0.0001791052882071548,0.00018379198379389923,33.0
ENSG00000253327,0.003637068737561388,3.213148905432498,0.0006564410195847205,0.0006732728405997134,-1.0
ENSG00000158104,0.0017306052177090859,3.044535799288206,0.0011651984672358217,0.0011944628059823903,22.0
ENSG00000211896,0.028395252821060223,3.037872661910323,0.001191273046641774,0.0012205666461493586,25.0
ENSG00000179639,0.007707084321802898,2.9857905722133444,0.0014142313884117185,0.0014482656307339668,2.0
ENSG00000258730,0.001681318484200785,2.962656344466563,0.0015249843721283315,0.0015608847207045358,-1.0
ENSG00000108700,0.003370392290970177,2.9586929676250153,0.001544733730802888,0.001580290261690934,-1.0
ENSG00000159618,0.002780326084109583,2.8217658167972828,0.002388001943193668,0.002441719778316634,19.0
ENSG00000137441,0.0025311043854241403,2.574917288733696,0.005013203000170998,0.005123355135586098,2.0
ENSG00000205181,0.003056711183296478,2.4277927615843975,0.007595510407859407,0.00775843759740491,-1.0
ENSG00000136546,0.0034122412916031053,2.318890604650848,0.010200484347557071,0.01041397074788879,31.0
ENSG00000144214,0.0021172344893823298,2.2935923100754008,0.010906963760277265,0.011129554857425781,-1.0
ENSG00000269404,0.0018991490342393689,2.1813950785757923,0.014577103666521304,0.014867010368711171,35.0
ENSG00000211592,0.07524556242385261,2.1420409568745282,0.01609509319247053,0.016406822826167716,-1.0
ENSG00000181195,0.012889898319415113,2.116362570722724,0.017156991431353092,0.017480378432351597,-1.0
ENSG00000099715,0.0061868825003074,2.0986833520677477,0.01792241159128458,0.018250928300697127,-1.0
ENSG00000089012,0.0021774536503410026,2.0084603154496823,0.02229719952374981,0.02269435066030515,35.0
ENSG00000211637,0.002810788132844302,1.8416102722579,0.032766088698257215,0.03333274536953938,-1.0
ENSG00000160307,0.016990118866430145,1.5754008619948887,0.05758197278353495,0.058548015031555614,
ENSG00000117586,0.001877661881998672,1.5544992605812076,0.060032686451323106,0.061008827694434054,
ENSG00000255974,0.011676883392928534,1.5528657414636007,0.060227606389624835,0.0611758317822497,
ENSG00000158874,0.006133160755392833,1.5056857871610696,0.06607392712091932,0.06708012905677088,
ENSG00000163563,0.0017437856934679774,1.4986796770314066,0.06697837572376723,0.06796385157155478,
ENSG00000169885,0.0014829691168435325,1.3376669672251966,0.09050251182136676,0.09178753734418536,
ENSG00000176971,0.0020331768056575947,1.2867754581383413,0.09908628166840627,0.1004268492901542,
ENSG00000172236,0.0039202825229205296,1.2865746030579517,0.0991213002493822,0.1004268492901542,
ENSG00000159516,0.0003639728186070342,1.1637721612595286,0.12225817837592329,0.12380575025409953,
ENSG00000139572,0.0010019071820855663,1.044075359229657,0.1482252625904032,0.15002556942348502,
ENSG00000137078,0.0012842864591868588,1.0429240854753894,0.14849172677884392,0.15021924813236612,
ENSG00000102970,0.02052560515072316,0.9964618405131799,0.1595128995068204,0.1612870571353088,
ENSG00000149300,0.0013331853684512697,0.9548406531740807,0.1698291427059182,0.17163127105196382,
ENSG00000132465,0.020900278866973505,0.9092102810239763,0.18161956916371969,0.18345411026638353,
ENSG00000169758,0.0003318622646561272,0.7476823786627741,0.22732588121111819,0.22950619001627276,
ENSG00000211893,0.004563070911272669,0.5107284203462578,0.3047706185779182,0.3075384647607651,
ENSG00000129988,0.0021777657252750556,0.43406381740385785,0.33212104966390893,0.33496828004428536,
ENSG00000134443,2.6994706129538874e-05,0.3348003879843107,0.3688878339093029,0.37186273579566825,
ENSG00000187689,0.0001020070473028806,0.23241721549477026,0.40810698947396923,0.41119092138435187,
ENSG00000188293,0.00032481973894688476,0.18750550014315392,0.4256321558391591,0.4286325839266456,
ENSG00000171855,0.00013492332878154415,0.024580015365307514,0.4901949799559888,0.4934020935641558,
ENSG00000231924,-8.44384004554267e-05,-0.05415220831649473,0.5215930514932003,0.5247415004961774,
ENSG00000100604,-1.8516288386598835e-05,-0.05542999007448653,0.5221020480330829,0.5249894902293443,
ENSG00000172016,-2.8093911508571777e-05,-0.10743625945867277,0.5427785549619049,0.5455060853888491,
ENSG00000198075,-0.0001509742129108485,-0.2203086928645735,0.5871846247264418,0.5898388997754312,
ENSG00000227964,-6.47758367606846e-05,-0.22454345236564346,0.5888327700604907,0.5911975603016976,
ENSG00000176009,-6.408350118994991e-05,-0.2680760883900433,0.6056796244479228,0.6078069487686129,
ENSG00000068985,-0.0001384231763442609,-0.280342872027895,0.6103927691071146,0.6122294574795533,
ENSG00000197992,-0.0003825004621669016,-0.3018526670182258,0.6186178100882365,0.6201682306648987,
ENSG00000211959,-0.0003663840768111861,-0.4207502928005741,0.6630312839038174,0.6643600039116406,
ENSG00000211815,-0.0002759064470999461,-0.4829748539314494,0.6854432044946648,0.6864729138654629,
ENSG00000169347,-0.0003189639214409868,-0.6129215412125879,0.7300358904421665,0.7307666570992658,
ENSG00000188511,-0.0004916333899575088,-0.6150278042028576,0.730731820708896,0.7310973693935927,
ENSG00000161281,-0.0012955716387772188,-1.1980010218151864,0.8845416904066392,0.8845416904066392,
